g occupationNumbers
-2 0.647568 0.550804 0.449196 0.352432 
-1.99 0.648284 0.551068 0.448932 0.351715 
-1.98 0.649008 0.551334 0.448666 0.350992 
-1.97 0.649738 0.551603 0.448397 0.350262 
-1.96 0.650476 0.551875 0.448125 0.349524 
-1.95 0.65122 0.55215 0.44785 0.34878 
-1.94 0.651972 0.552428 0.447572 0.348028 
-1.93 0.652731 0.552709 0.447291 0.347269 
-1.92 0.653498 0.552993 0.447007 0.346502 
-1.91 0.654272 0.55328 0.44672 0.345728 
-1.9 0.655054 0.55357 0.44643 0.344946 
-1.89 0.655844 0.553863 0.446136 0.344156 
-1.88 0.656641 0.55416 0.44584 0.343359 
-1.87 0.657447 0.554461 0.44554 0.342553 
-1.86 0.658261 0.554764 0.445236 0.341739 
-1.85 0.659083 0.555071 0.444929 0.340917 
-1.84 0.659913 0.555381 0.444618 0.340087 
-1.83 0.660752 0.555696 0.444305 0.339248 
-1.82 0.661599 0.556013 0.443987 0.338401 
-1.81 0.662455 0.556334 0.443665 0.337544 
-1.8 0.663321 0.55666 0.44334 0.33668 
-1.79 0.664195 0.556989 0.443011 0.335805 
-1.78 0.665078 0.557322 0.442678 0.334922 
-1.77 0.66597 0.557659 0.442341 0.334029 
-1.76 0.666873 0.558 0.442 0.333128 
-1.75 0.667784 0.558345 0.441655 0.332216 
-1.74 0.668705 0.558694 0.441306 0.331294 
-1.73 0.669637 0.559048 0.440952 0.330363 
-1.72 0.670578 0.559406 0.440594 0.329422 
-1.71 0.671529 0.559768 0.440232 0.32847 
-1.7 0.672491 0.560135 0.439865 0.327508 
-1.69 0.673464 0.560507 0.439493 0.326536 
-1.68 0.674447 0.560883 0.439117 0.325553 
-1.67 0.675441 0.561264 0.438736 0.324559 
-1.66 0.676446 0.56165 0.43835 0.323555 
-1.65 0.677462 0.562041 0.437959 0.322538 
-1.64 0.678489 0.562437 0.437563 0.321511 
-1.63 0.679528 0.562838 0.437161 0.320472 
-1.62 0.680579 0.563245 0.436755 0.319421 
-1.61 0.681642 0.563657 0.436343 0.318358 
-1.6 0.682717 0.564074 0.435926 0.317283 
-1.59 0.683804 0.564497 0.435502 0.316196 
-1.58 0.684904 0.564926 0.435074 0.315096 
-1.57 0.686017 0.565361 0.434639 0.313983 
-1.56 0.687142 0.565801 0.434198 0.312858 
-1.55 0.688281 0.566249 0.433752 0.311719 
-1.54 0.689433 0.566702 0.433299 0.310567 
-1.53 0.690599 0.567161 0.432839 0.309401 
-1.52 0.691778 0.567627 0.432373 0.308221 
-1.51 0.692973 0.5681 0.431901 0.307028 
-1.5 0.694181 0.568579 0.431421 0.305819 
-1.49 0.695403 0.569065 0.430935 0.304597 
-1.48 0.696641 0.569559 0.430442 0.303359 
-1.47 0.697893 0.570059 0.429941 0.302107 
-1.46 0.699161 0.570567 0.429433 0.300839 
-1.45 0.700445 0.571083 0.428917 0.299555 
-1.44 0.701745 0.571607 0.428394 0.298256 
-1.43 0.70306 0.572138 0.427862 0.29694 
-1.42 0.704392 0.572678 0.427322 0.295608 
-1.41 0.705741 0.573226 0.426774 0.294259 
-1.4 0.707107 0.573782 0.426218 0.292893 
-1.39 0.70849 0.574347 0.425653 0.29151 
-1.38 0.709891 0.574921 0.425078 0.290109 
-1.37 0.71131 0.575505 0.424495 0.288691 
-1.36 0.712747 0.576098 0.423902 0.287253 
-1.35 0.714202 0.5767 0.4233 0.285798 
-1.34 0.715677 0.577312 0.422688 0.284323 
-1.33 0.717171 0.577935 0.422065 0.282829 
-1.32 0.718684 0.578567 0.421433 0.281316 
-1.31 0.720218 0.579211 0.420789 0.279782 
-1.3 0.721772 0.579865 0.420135 0.278229 
-1.29 0.723346 0.580531 0.419469 0.276654 
-1.28 0.724941 0.581207 0.418792 0.275058 
-1.27 0.726558 0.581896 0.418104 0.273442 
-1.26 0.728197 0.582597 0.417403 0.271803 
-1.25 0.729858 0.583311 0.416689 0.270142 
-1.24 0.731542 0.584037 0.415963 0.268458 
-1.23 0.733249 0.584776 0.415224 0.266751 
-1.22 0.734979 0.585529 0.414471 0.265021 
-1.21 0.736733 0.586296 0.413704 0.263266 
-1.2 0.738512 0.587076 0.412923 0.261488 
-1.19 0.740316 0.587873 0.412128 0.259685 
-1.18 0.742144 0.588683 0.411317 0.257856 
-1.17 0.743998 0.58951 0.41049 0.256001 
-1.16 0.745879 0.590352 0.409648 0.254121 
-1.15 0.747786 0.591211 0.408789 0.252214 
-1.14 0.74972 0.592087 0.407913 0.25028 
-1.13 0.751682 0.59298 0.407019 0.248318 
-1.12 0.753672 0.593892 0.406108 0.246328 
-1.11 0.755691 0.594822 0.405178 0.244309 
-1.1 0.757739 0.595772 0.404228 0.242261 
-1.09 0.759816 0.596741 0.403259 0.240184 
-1.08 0.761924 0.597731 0.402269 0.238076 
-1.07 0.764062 0.598742 0.401258 0.235938 
-1.06 0.766231 0.599774 0.400225 0.233768 
-1.05 0.768433 0.60083 0.39917 0.231567 
-1.04 0.770666 0.601908 0.398092 0.229334 
-1.03 0.772932 0.603011 0.396989 0.227067 
-1.02 0.775232 0.604139 0.395861 0.224768 
-1.01 0.777566 0.605292 0.394708 0.222434 
-1 0.779934 0.606472 0.393528 0.220066 
-0.99 0.782337 0.60768 0.39232 0.217663 
-0.98 0.784776 0.608917 0.391083 0.215224 
-0.97 0.787251 0.610183 0.389817 0.212749 
-0.96 0.789762 0.61148 0.38852 0.210238 
-0.95 0.792311 0.612809 0.387191 0.207689 
-0.94 0.794897 0.614171 0.385829 0.205103 
-0.93 0.797522 0.615568 0.384432 0.202478 
-0.92 0.800185 0.617 0.383 0.199815 
-0.91 0.802887 0.618469 0.381531 0.197113 
-0.9 0.805629 0.619978 0.380023 0.194371 
-0.89 0.808411 0.621526 0.378474 0.191589 
-0.88 0.811233 0.623116 0.376884 0.188767 
-0.87 0.814096 0.624749 0.37525 0.185904 
-0.86 0.817 0.626429 0.373572 0.183 
-0.85 0.819945 0.628154 0.371845 0.180055 
-0.84 0.822932 0.62993 0.37007 0.177068 
-0.83 0.825961 0.631757 0.368243 0.174039 
-0.82 0.829032 0.633637 0.366363 0.170968 
-0.81 0.832145 0.635573 0.364426 0.167855 
-0.8 0.835299 0.637568 0.362432 0.164701 
-0.79 0.838496 0.639624 0.360376 0.161504 
-0.78 0.841734 0.641744 0.358256 0.158266 
-0.77 0.845014 0.643931 0.356069 0.154986 
-0.76 0.848335 0.646188 0.353813 0.151665 
-0.75 0.851696 0.648518 0.351482 0.148304 
-0.74 0.855097 0.650925 0.349075 0.144903 
-0.73 0.858537 0.653413 0.346587 0.141463 
-0.72 0.862016 0.655985 0.344015 0.137985 
-0.71 0.865531 0.658646 0.341354 0.134469 
-0.7 0.869082 0.6614 0.3386 0.130918 
-0.69 0.872667 0.664252 0.335747 0.127333 
-0.68 0.876284 0.667207 0.332793 0.123716 
-0.67 0.879932 0.670271 0.329729 0.120068 
-0.66 0.883608 0.673449 0.326551 0.116392 
-0.65 0.887311 0.676747 0.323253 0.11269 
-0.64 0.891036 0.680172 0.319828 0.108964 
-0.63 0.894781 0.68373 0.316271 0.105219 
-0.62 0.898543 0.687428 0.312572 0.101457 
-0.61 0.902319 0.691275 0.308725 0.0976815 
-0.6 0.906103 0.695279 0.304721 0.0938967 
-0.59 0.909893 0.699448 0.300552 0.090107 
-0.58 0.913683 0.703792 0.296208 0.0863169 
-0.57 0.917469 0.708321 0.291679 0.0825308 
-0.56 0.921246 0.713045 0.286956 0.0787545 
-0.55 0.925007 0.717975 0.282025 0.0749929 
-0.54 0.928748 0.723125 0.276876 0.0712521 
-0.53 0.932462 0.728505 0.271494 0.0675378 
-0.52 0.936144 0.734131 0.265869 0.0638563 
-0.51 0.939786 0.740018 0.259983 0.0602139 
-0.5 0.943383 0.746179 0.253821 0.0566169 
-0.49 0.946928 0.752633 0.247368 0.053072 
-0.48 0.950415 0.759396 0.240603 0.0495855 
-0.47 0.953836 0.766491 0.23351 0.046164 
-0.46 0.957186 0.773934 0.226065 0.0428136 
-0.45 0.960459 0.781752 0.218249 0.0395407 
-0.44 0.963649 0.789965 0.210034 0.0363509 
-0.43 0.96675 0.798603 0.201397 0.0332497 
-0.42 0.969758 0.807691 0.192308 0.0302423 
-0.41 0.972667 0.817263 0.182736 0.0273332 
-0.4 0.975474 0.827352 0.172648 0.0245265 
-0.39 0.978174 0.837994 0.162006 0.0218256 
-0.38 0.980766 0.849232 0.150769 0.0192336 
-0.37 0.983247 0.861109 0.138891 0.0167526 
-0.36 0.985616 0.873676 0.126324 0.0143845 
-0.35 0.98787 0.886989 0.11301 0.01213 
-0.34 0.99001 0.901111 0.0988894 0.00998971 
-0.33 0.992037 0.91611 0.0838905 0.00796337 
-0.32 0.99395 0.932065 0.0679349 0.0060502 
-0.31 0.995751 0.949065 0.0509347 0.00424897 
-0.3 0.997442 0.96721 0.03279 0.0025579 
-0.29 0.999025 0.986614 0.013387 0.000974917 
-0.28 0.999999 0.999992 8.22541e-06 5.74897e-07 
-0.27 1 0.999998 2.07519e-06 1.54354e-07 
-0.26 1 0.999999 9.55058e-07 7.10376e-08 
-0.25 1 0.999999 2.79887e-07 3.10986e-08 
-0.24 1 0.999999 2.52066e-07 2.80074e-08 
-0.23 1 0.999999 2.10148e-07 2.33498e-08 
-0.22 1 0.999999 2.40242e-07 2.66935e-08 
-0.21 1 1 1.32757e-07 1.47508e-08 
-0.2 1 1 1.05488e-07 1.17209e-08 
-0.19 1 1 1.23771e-07 1.37524e-08 
-0.18 1 0.999999 2.21355e-07 2.45951e-08 
-0.17 1 1 1.73492e-07 1.92769e-08 
-0.16 1 1 1.65041e-07 1.83379e-08 
-0.15 1 1 1.93458e-07 2.14953e-08 
-0.14 1 1 5.08448e-08 5.64943e-09 
-0.13 1 1 8.00757e-08 8.89731e-09 
-0.12 1 1 2.11422e-08 2.34914e-09 
-0.11 1 1 4.49284e-08 4.99205e-09 
-0.1 1 1 1.12842e-08 1.25381e-09 
-0.09 1 1 2.40031e-09 2.66701e-10 
-0.08 1 1 8.12556e-09 9.0284e-10 
-0.07 1 1 1.55837e-09 1.73152e-10 
-0.06 1 1 8.09027e-09 8.98919e-10 
-0.05 1 1 1.26058e-09 1.40065e-10 
-0.04 1 1 1.29564e-10 1.4396e-11 
-0.03 1 1 1.03419e-09 1.1491e-10 
-0.02 1 1 3.92399e-11 4.35999e-12 
-0.01 1 1 2.05463e-10 2.28292e-11 
0.01 1 1 1.30469e-11 3.26172e-12 
0.02 1 1 8.58602e-12 2.14651e-12 
0.03 1 1 2.11771e-10 5.29427e-11 
0.04 1 1 2.17235e-11 5.43088e-12 
0.05 1 1 1.91342e-10 4.78355e-11 
0.06 1 1 3.66022e-10 9.15055e-11 
0.07 1 1 5.74836e-10 1.43709e-10 
0.08 1 1 7.0772e-10 1.7693e-10 
0.09 1 1 9.9069e-10 2.47673e-10 
0.1 1 1 1.29563e-09 3.23907e-10 
0.11 1 1 1.85999e-09 4.64998e-10 
0.12 1 1 2.33154e-09 5.82885e-10 
0.13 1 1 6.72852e-09 1.68213e-09 
0.14 1 1 4.6107e-09 1.15268e-09 
0.15 1 1 5.64277e-09 1.41069e-09 
0.16 1 1 4.47058e-09 1.11765e-09 
0.17 1 1 5.75954e-09 1.43989e-09 
0.18 1 1 1.42393e-08 3.55982e-09 
0.19 1 1 6.80256e-09 1.70064e-09 
0.2 1 1 5.54473e-07 6.16082e-08 
0.21 1 1 9.26728e-09 2.31682e-09 
0.22 1 1 5.84016e-07 6.48907e-08 
0.23 1 1 1.4251e-08 3.56274e-09 
0.24 1 1 7.08746e-07 7.87496e-08 
0.25 1 0.999999 1.47959e-06 1.64399e-07 
0.26 1 1 9.76324e-07 1.0848e-07 
0.27 1 1 7.0636e-07 7.84845e-08 
0.28 1 0.999999 1.50466e-06 1.67185e-07 
0.29 1 1 1.21533e-06 1.35037e-07 
0.3 1 1 1.06102e-06 1.17891e-07 
0.31 1 1 4.22089e-08 1.05522e-08 
0.32 1 1 4.84807e-08 1.21202e-08 
0.33 1 0.999998 2.95452e-06 4.37061e-07 
0.34 1 0.999998 3.07216e-06 4.54463e-07 
0.35 1 0.999999 6.79093e-07 1.24732e-07 
0.36 1 0.999999 8.60489e-07 1.58049e-07 
0.37 1 0.999998 1.15874e-06 2.1283e-07 
0.38 1 0.999999 9.87161e-07 1.81315e-07 
0.39 1 0.999998 1.52599e-06 2.80284e-07 
0.4 1 0.999998 1.60301e-06 2.94431e-07 
0.41 1 0.999998 1.89014e-06 3.47169e-07 
0.42 0.999999 0.999997 2.48346e-06 4.56148e-07 
0.43 0.999999 0.999997 2.62783e-06 4.82664e-07 
0.44 0.999999 0.999996 3.27454e-06 6.01448e-07 
0.45 0.999996 0.999977 2.36114e-05 4.12917e-06 
0.46 0.999999 0.999994 5.23021e-06 9.60656e-07 
0.47 0.999998 0.99999 8.95785e-06 1.64534e-06 
0.48 0.999997 0.999986 1.35121e-05 2.48186e-06 
0.49 0.999995 0.999972 2.71673e-05 4.99005e-06 
0.5 0.999992 0.999957 4.34587e-05 7.9826e-06 
0.51 0.999984 0.999914 8.61178e-05 1.59132e-05 
0.52 0.999863 0.999266 0.000735095 0.000137137 
0.53 0.999715 0.998486 0.00151447 0.000284956 
0.54 0.998162 0.990398 0.00960266 0.00183762 
0.55 0.99587 0.978866 0.021135 0.00413014 
0.56 0.993468 0.967275 0.0327254 0.00653239 
0.57 0.991004 0.955879 0.0441197 0.00899566 
0.58 0.988536 0.944934 0.0550653 0.011464 
0.59 0.986077 0.934477 0.0655233 0.013923 
0.6 0.983585 0.924297 0.0757035 0.0164155 
0.61 0.981101 0.914558 0.085442 0.0188989 
0.62 0.978444 0.904509 0.0954917 0.0215563 
0.63 0.976122 0.896152 0.103849 0.023878 
0.64 0.973596 0.887331 0.112669 0.0264045 
0.65 0.971101 0.878955 0.121045 0.0288994 
0.67 0.966137 0.863196 0.136805 0.0338628 
0.68 0.963631 0.855648 0.144352 0.0363693 
0.69 0.961121 0.84835 0.151649 0.0388793 
0.7 0.958538 0.841071 0.15893 0.0414623 
0.71 0.956145 0.834628 0.165372 0.043855 
0.72 0.953681 0.828177 0.171823 0.0463188 
0.73 0.951246 0.822017 0.177983 0.0487541 
0.74 0.948716 0.815773 0.184227 0.0512845 
0.75 0.94621 0.809795 0.190205 0.0537901 
0.76 0.943762 0.804157 0.195842 0.0562381 
0.77 0.941316 0.798693 0.201306 0.0586837 
0.78 0.938874 0.793397 0.206603 0.0611257 
0.79 0.93639 0.788142 0.211857 0.0636095 
0.81 0.931542 0.778366 0.221635 0.0684582 
0.82 0.929127 0.773694 0.226306 0.0708734 
0.83 0.926668 0.769042 0.230957 0.0733314 
0.84 0.924272 0.764656 0.235344 0.0757276 
0.85 0.921884 0.760396 0.239604 0.0781162 
0.86 0.919504 0.756258 0.243742 0.0804964 
0.88 0.914617 0.747997 0.252003 0.0853831 
0.89 0.912367 0.744426 0.255574 0.087633 
0.9 0.910029 0.740744 0.259255 0.0899713 
0.91 0.907701 0.737164 0.262836 0.0922995 
0.92 0.905383 0.733681 0.26632 0.0946171 
0.93 0.903076 0.73029 0.26971 0.0969235 
0.94 0.900781 0.72699 0.273009 0.0992185 
0.96 0.896171 0.720543 0.279457 0.103829 
0.97 0.893915 0.717504 0.282496 0.106085 
0.98 0.891672 0.714544 0.285456 0.108328 
0.99 0.889441 0.711658 0.288342 0.110559 
1 0.887223 0.708845 0.291155 0.112777 
1.01 0.885018 0.706102 0.293898 0.114981 
1.02 0.882827 0.703427 0.296573 0.117173 
1.03 0.880649 0.700818 0.299183 0.119351 
1.04 0.878484 0.698271 0.301729 0.121516 
1.05 0.876267 0.695673 0.304327 0.123733 
1.06 0.874197 0.693361 0.30664 0.125804 
1.07 0.872074 0.690992 0.309008 0.127926 
1.08 0.869965 0.688679 0.311321 0.130035 
1.09 0.867817 0.686331 0.313668 0.132183 
1.1 0.865739 0.68413 0.315871 0.134261 
1.11 0.863676 0.681977 0.318023 0.136324 
1.14 0.857574 0.675805 0.324195 0.142426 
1.15 0.855568 0.673837 0.326162 0.144431 
1.16 0.853578 0.671913 0.328087 0.146422 
1.17 0.851602 0.67003 0.329971 0.148398 
1.18 0.849641 0.668187 0.331813 0.150359 
1.19 0.847694 0.666382 0.333617 0.152306 
1.21 0.843845 0.662887 0.337114 0.156155 
1.22 0.841942 0.661192 0.338807 0.158058 
1.23 0.840083 0.659574 0.340426 0.159917 
1.24 0.838181 0.657908 0.342093 0.161819 
1.25 0.836322 0.656314 0.343686 0.163678 
1.26 0.834478 0.654753 0.345247 0.165522 
1.27 0.83259 0.653143 0.346858 0.16741 
1.28 0.830834 0.651722 0.348279 0.169166 
1.29 0.828978 0.650176 0.349823 0.171022 
1.3 0.827193 0.648736 0.351264 0.172807 
1.31 0.825423 0.647324 0.352677 0.174577 
1.32 0.823667 0.645937 0.354063 0.176333 
1.33 0.821925 0.644576 0.355423 0.178075 
1.34 0.820197 0.643241 0.356759 0.179803 
1.35 0.818484 0.641931 0.358069 0.181517 
1.36 0.816784 0.640644 0.359356 0.183216 
1.37 0.815097 0.63938 0.360619 0.184902 
1.38 0.813425 0.63814 0.361861 0.186575 
1.39 0.811767 0.636921 0.363079 0.188233 
1.4 0.810122 0.635724 0.364276 0.189878 
1.41 0.80849 0.634548 0.365452 0.19151 
1.42 0.806872 0.633392 0.366608 0.193128 
1.43 0.805268 0.632256 0.367744 0.194732 
1.44 0.803676 0.631139 0.36886 0.196324 
1.46 0.800533 0.628963 0.371037 0.199467 
1.47 0.798981 0.627902 0.372098 0.201019 
1.48 0.797442 0.626858 0.373142 0.202558 
1.49 0.795915 0.625832 0.374168 0.204085 
1.5 0.794401 0.624822 0.375178 0.205599 
1.51 0.7929 0.623829 0.376171 0.2071 
1.52 0.791335 0.622768 0.377233 0.208665 
1.53 0.789935 0.62189 0.37811 0.210065 
1.54 0.788471 0.620944 0.379056 0.211529 
1.55 0.787019 0.620012 0.379988 0.212981 
1.56 0.78558 0.619095 0.380905 0.214421 
1.57 0.784152 0.618192 0.381808 0.215848 
1.58 0.782736 0.617303 0.382697 0.217264 
1.59 0.781266 0.616358 0.383642 0.218734 
1.6 0.779939 0.615565 0.384435 0.220061 
1.61 0.778558 0.614716 0.385284 0.221442 
1.62 0.777189 0.613879 0.38612 0.222811 
1.63 0.775831 0.613055 0.386945 0.224169 
1.64 0.774484 0.612243 0.387757 0.225516 
1.65 0.773149 0.611443 0.388557 0.226851 
1.67 0.770511 0.609877 0.390123 0.22949 
1.68 0.769208 0.609111 0.390889 0.230792 
1.69 0.767916 0.608355 0.391644 0.232084 
1.7 0.766635 0.607611 0.39239 0.233366 
1.71 0.765364 0.606876 0.393124 0.234636 
1.72 0.764052 0.606102 0.393898 0.235948 
1.74 0.761565 0.604686 0.395314 0.238436 
1.75 0.760336 0.603993 0.396007 0.239664 
1.76 0.759117 0.603308 0.396691 0.240883 
1.78 0.756709 0.601967 0.398033 0.243291 
1.79 0.75552 0.60131 0.39869 0.24448 
1.8 0.75434 0.600661 0.399338 0.245659 
1.81 0.753171 0.600021 0.399979 0.246829 
1.82 0.75201 0.599389 0.400611 0.24799 
1.83 0.750859 0.598765 0.401234 0.249141 
1.85 0.748585 0.597542 0.402458 0.251416 
1.86 0.747461 0.596942 0.403058 0.252539 
1.87 0.746346 0.596349 0.403651 0.253654 
1.88 0.745241 0.595764 0.404236 0.254759 
1.89 0.744144 0.595186 0.404814 0.255856 
1.9 0.743056 0.594615 0.405385 0.256944 
1.91 0.741976 0.594051 0.405949 0.258024 
1.92 0.740905 0.593494 0.406506 0.259095 
1.93 0.739843 0.592944 0.407056 0.260157 
1.94 0.738789 0.5924 0.4076 0.261211 
1.95 0.737743 0.591863 0.408137 0.262257 
1.96 0.736706 0.591332 0.408668 0.263294 
1.97 0.735676 0.590807 0.409192 0.264324 
1.98 0.734655 0.590289 0.409711 0.265345 
1.99 0.733642 0.589777 0.410223 0.266358 
2 0.732636 0.589271 0.410729 0.267364 
