g occupationNumbers
-2 0.909091 0.818182 0.181818 0.0909091 
-1.99 0.909677 0.818859 0.181141 0.0903231 
-1.98 0.910263 0.819539 0.180461 0.0897373 
-1.97 0.910848 0.820221 0.179779 0.0891516 
-1.96 0.911434 0.820906 0.179094 0.0885661 
-1.95 0.912019 0.821592 0.178408 0.0879808 
-1.94 0.912604 0.822282 0.177718 0.0873957 
-1.93 0.913189 0.822974 0.177026 0.0868108 
-1.92 0.913774 0.823668 0.176332 0.0862261 
-1.91 0.914358 0.824365 0.175635 0.0856416 
-1.9 0.914943 0.825064 0.174936 0.0850574 
-1.89 0.915527 0.825766 0.174234 0.0844735 
-1.88 0.91611 0.82647 0.17353 0.0838898 
-1.87 0.916694 0.827177 0.172823 0.0833064 
-1.86 0.917277 0.827886 0.172114 0.0827234 
-1.85 0.917859 0.828598 0.171402 0.0821407 
-1.84 0.918442 0.829312 0.170688 0.0815583 
-1.83 0.919024 0.83003 0.16997 0.0809763 
-1.82 0.919605 0.830749 0.169251 0.0803946 
-1.81 0.920187 0.831472 0.168528 0.0798133 
-1.8 0.920768 0.832197 0.167803 0.0792324 
-1.79 0.921348 0.832925 0.167075 0.078652 
-1.78 0.921928 0.833655 0.166345 0.078072 
-1.77 0.922508 0.834388 0.165612 0.0774924 
-1.76 0.923087 0.835124 0.164876 0.0769132 
-1.75 0.923665 0.835863 0.164137 0.0763346 
-1.74 0.924244 0.836604 0.163396 0.0757565 
-1.73 0.924821 0.837349 0.162651 0.0751788 
-1.72 0.925398 0.838096 0.161904 0.0746017 
-1.71 0.925975 0.838846 0.161154 0.0740251 
-1.7 0.926551 0.839599 0.160401 0.0734491 
-1.69 0.927126 0.840354 0.159646 0.0728736 
-1.68 0.927701 0.841113 0.158887 0.0722987 
-1.67 0.928276 0.841875 0.158125 0.0717245 
-1.66 0.928849 0.842639 0.157361 0.0711508 
-1.65 0.929422 0.843407 0.156593 0.0705778 
-1.64 0.929995 0.844177 0.155823 0.0700054 
-1.63 0.930566 0.844951 0.155049 0.0694337 
-1.62 0.931137 0.845727 0.154273 0.0688627 
-1.61 0.931708 0.846507 0.153493 0.0682923 
-1.6 0.932277 0.847289 0.152711 0.0677227 
-1.59 0.932846 0.848075 0.151925 0.0671538 
-1.58 0.933414 0.848864 0.151136 0.0665857 
-1.57 0.933982 0.849656 0.150344 0.0660183 
-1.56 0.934548 0.850451 0.149549 0.0654517 
-1.55 0.935114 0.85125 0.14875 0.0648859 
-1.54 0.935679 0.852052 0.147948 0.0643208 
-1.53 0.936243 0.852857 0.147143 0.0637566 
-1.52 0.936807 0.853665 0.146335 0.0631933 
-1.51 0.937369 0.854477 0.145523 0.0626308 
-1.5 0.937931 0.855292 0.144708 0.0620692 
-1.49 0.938492 0.85611 0.14389 0.0615084 
-1.48 0.939051 0.856931 0.143069 0.0609486 
-1.47 0.93961 0.857757 0.142243 0.0603897 
-1.46 0.940168 0.858585 0.141415 0.0598317 
-1.45 0.940725 0.859417 0.140583 0.0592746 
-1.44 0.941281 0.860253 0.139747 0.0587186 
-1.43 0.941837 0.861092 0.138908 0.0581635 
-1.42 0.942391 0.861934 0.138066 0.0576094 
-1.41 0.942944 0.862781 0.137219 0.0570563 
-1.4 0.943496 0.86363 0.13637 0.0565042 
-1.39 0.944047 0.864484 0.135516 0.0559532 
-1.38 0.944597 0.865341 0.134659 0.0554033 
-1.37 0.945146 0.866202 0.133798 0.0548544 
-1.36 0.945693 0.867066 0.132934 0.0543066 
-1.35 0.94624 0.867935 0.132065 0.05376 
-1.34 0.946786 0.868807 0.131193 0.0532144 
-1.33 0.94733 0.869682 0.130318 0.05267 
-1.32 0.947873 0.870562 0.129438 0.0521267 
-1.31 0.948415 0.871446 0.128554 0.0515846 
-1.3 0.948956 0.872333 0.127667 0.0510437 
-1.29 0.949496 0.873225 0.126775 0.0505039 
-1.28 0.950035 0.87412 0.12588 0.0499654 
-1.27 0.950572 0.87502 0.12498 0.0494281 
-1.26 0.951108 0.875923 0.124077 0.0488921 
-1.25 0.951643 0.876831 0.123169 0.0483573 
-1.24 0.952176 0.877742 0.122258 0.0478238 
-1.23 0.952708 0.878658 0.121342 0.0472915 
-1.22 0.953239 0.879578 0.120422 0.0467606 
-1.21 0.953769 0.880502 0.119498 0.046231 
-1.2 0.954297 0.88143 0.11857 0.0457027 
-1.19 0.954824 0.882362 0.117638 0.0451757 
-1.18 0.95535 0.883299 0.116701 0.0446501 
-1.17 0.955874 0.88424 0.11576 0.0441259 
-1.16 0.956397 0.885185 0.114815 0.0436031 
-1.15 0.956918 0.886135 0.113865 0.0430816 
-1.14 0.957438 0.887089 0.112911 0.0425616 
-1.13 0.957957 0.888047 0.111953 0.042043 
-1.12 0.958474 0.88901 0.11099 0.0415258 
-1.11 0.95899 0.889977 0.110023 0.0410101 
-1.1 0.959504 0.890949 0.109051 0.0404958 
-1.09 0.960017 0.891925 0.108075 0.0399831 
-1.08 0.960528 0.892906 0.107094 0.0394718 
-1.07 0.961038 0.893891 0.106109 0.038962 
-1.06 0.961546 0.894881 0.105119 0.0384538 
-1.05 0.962053 0.895876 0.104124 0.0379471 
-1.04 0.962558 0.896875 0.103125 0.0374419 
-1.03 0.963062 0.897879 0.102121 0.0369383 
-1.02 0.963564 0.898887 0.101113 0.0364363 
-1.01 0.964064 0.8999 0.1001 0.0359358 
-1 0.964563 0.900918 0.0990819 0.035437 
-0.99 0.96506 0.901941 0.0980594 0.0349397 
-0.98 0.965556 0.902968 0.0970321 0.0344441 
-0.97 0.96605 0.904 0.0960002 0.0339501 
-0.96 0.966542 0.905037 0.0949635 0.0334578 
-0.95 0.967033 0.906078 0.0939221 0.0329671 
-0.94 0.967522 0.907124 0.0928759 0.0324781 
-0.93 0.968009 0.908175 0.0918249 0.0319908 
-0.92 0.968495 0.909231 0.0907692 0.0315052 
-0.91 0.968979 0.910291 0.0897087 0.0310213 
-0.9 0.969461 0.911357 0.0886435 0.0305392 
-0.89 0.969941 0.912427 0.0875735 0.0300588 
-0.88 0.97042 0.913501 0.0864987 0.0295801 
-0.87 0.970897 0.914581 0.0854193 0.0291032 
-0.86 0.971372 0.915665 0.0843351 0.0286281 
-0.85 0.971845 0.916754 0.0832462 0.0281548 
-0.84 0.972317 0.917847 0.0821526 0.0276833 
-0.83 0.972786 0.918946 0.0810544 0.0272136 
-0.82 0.973254 0.920048 0.0799515 0.0267458 
-0.81 0.97372 0.921156 0.0788441 0.0262798 
-0.8 0.974184 0.922268 0.0777321 0.0258157 
-0.79 0.974646 0.923384 0.0766156 0.0253535 
-0.78 0.975107 0.924505 0.0754946 0.0248932 
-0.77 0.975565 0.925631 0.0743692 0.0244349 
-0.76 0.976022 0.926761 0.0732395 0.0239784 
-0.75 0.976476 0.927895 0.0721054 0.023524 
-0.74 0.976929 0.929033 0.0709672 0.0230715 
-0.73 0.977379 0.930175 0.0698248 0.022621 
-0.72 0.977828 0.931322 0.0686783 0.0221725 
-0.71 0.978274 0.932472 0.0675279 0.021726 
-0.7 0.978718 0.933626 0.0663736 0.0212816 
-0.69 0.979161 0.934784 0.0652156 0.0208394 
-0.68 0.979601 0.935946 0.0640539 0.0203992 
-0.67 0.980039 0.937111 0.0628887 0.0199611 
-0.66 0.980475 0.93828 0.0617201 0.0195252 
-0.65 0.980908 0.939452 0.0605482 0.0190915 
-0.64 0.98134 0.940627 0.0593733 0.01866 
-0.63 0.981769 0.941805 0.0581954 0.0182308 
-0.62 0.982196 0.942985 0.0570148 0.0178038 
-0.61 0.982621 0.944168 0.0558316 0.0173792 
-0.6 0.983043 0.945354 0.054646 0.0169569 
-0.59 0.983463 0.946542 0.0534583 0.016537 
-0.58 0.98388 0.947731 0.0522686 0.0161196 
-0.57 0.984295 0.948923 0.0510773 0.0157046 
-0.56 0.984708 0.950115 0.0498845 0.0152921 
-0.55 0.985118 0.951309 0.0486906 0.0148822 
-0.54 0.985525 0.952504 0.0474957 0.0144749 
-0.53 0.98593 0.9537 0.0463003 0.0140702 
-0.52 0.986332 0.954895 0.0451047 0.0136683 
-0.51 0.986731 0.956091 0.0439091 0.0132692 
-0.5 0.987127 0.957286 0.042714 0.0128729 
-0.49 0.98752 0.95848 0.0415197 0.0124795 
-0.48 0.987911 0.959673 0.0403267 0.0120892 
-0.47 0.988298 0.960865 0.0391352 0.0117018 
-0.46 0.988682 0.962054 0.0379459 0.0113176 
-0.45 0.989063 0.963241 0.0367592 0.0109366 
-0.44 0.989441 0.964425 0.0355755 0.0105589 
-0.43 0.989815 0.965605 0.0343953 0.0101847 
-0.42 0.990186 0.966781 0.0332193 0.00981388 
-0.41 0.990553 0.967952 0.032048 0.00944669 
-0.4 0.990917 0.969118 0.030882 0.00908321 
-0.39 0.991276 0.970278 0.0297219 0.00872357 
-0.38 0.991632 0.971432 0.0285684 0.00836787 
-0.37 0.991984 0.972578 0.0274222 0.00801625 
-0.36 0.992331 0.973716 0.026284 0.00766885 
-0.35 0.992674 0.974845 0.0251546 0.00732581 
-0.34 0.993013 0.975965 0.0240347 0.00698729 
-0.33 0.993347 0.977075 0.0229252 0.00665344 
-0.32 0.993676 0.978173 0.021827 0.00632445 
-0.31 0.994 0.979259 0.020741 0.00600048 
-0.3 0.994318 0.980332 0.0196681 0.00568172 
-0.29 0.994632 0.981391 0.0186093 0.00536839 
-0.28 0.994939 0.982434 0.0175656 0.00506068 
-0.27 0.995241 0.983462 0.016538 0.00475881 
-0.26 0.995537 0.984472 0.0155278 0.00446303 
-0.25 0.995826 0.985464 0.0145361 0.00417357 
-0.24 0.996109 0.986436 0.0135639 0.00389069 
-0.23 0.996385 0.987387 0.0126127 0.00361466 
-0.22 0.996654 0.988316 0.0116836 0.00334577 
-0.21 0.996916 0.989222 0.010778 0.0030843 
-0.2 0.997169 0.990103 0.00989728 0.00283057 
-0.19 0.997415 0.990957 0.00904284 0.0025849 
-0.18 0.997652 0.991784 0.00821616 0.00234764 
-0.17 0.997881 0.992581 0.00741873 0.00211914 
-0.16 0.9981 0.993348 0.00665212 0.00189977 
-0.15 0.99831 0.994082 0.00591792 0.00168991 
-0.14 0.99851 0.994782 0.00521778 0.00148998 
-0.13 0.9987 0.995447 0.00455337 0.00130039 
-0.12 0.998878 0.996074 0.00392643 0.00112158 
-0.11 0.999046 0.996661 0.00333872 0.000954002 
-0.1 0.999202 0.997208 0.00279203 0.000798134 
-0.09 0.999346 0.997712 0.00228822 0.000654464 
-0.08 0.999476 0.998171 0.00182914 0.000523501 
-0.07 0.999594 0.998583 0.0014167 0.000405769 
-0.06 0.999698 0.998947 0.00105282 0.000301813 
-0.05 0.999788 0.999261 0.000739469 0.000212194 
-0.04 0.999863 0.999521 0.000478608 0.000137491 
-0.03 0.999922 0.999728 0.000272227 7.82994e-05 
-0.02 0.999965 0.999878 0.000122328 3.52319e-05 
-0.01 0.999991 0.999969 3.09163e-05 8.91726e-06 
0 1 1 0 0 
0.01 0.999991 0.999968 3.15829e-05 9.13947e-06 
0.02 0.999963 0.999872 0.000127658 3.70092e-05 
0.03 0.999916 0.99971 0.000290202 8.42958e-05 
0.04 0.999848 0.999479 0.000521168 0.000151698 
0.05 0.99976 0.999178 0.000822478 0.000239925 
0.06 0.99965 0.998804 0.00119602 0.000349697 
0.07 0.999518 0.998356 0.00164362 0.000481741 
0.08 0.999363 0.997833 0.00216708 0.000636789 
0.09 0.999184 0.997232 0.00276811 0.000815581 
0.1 0.998981 0.996552 0.00344837 0.00101886 
0.11 0.998753 0.995791 0.00420943 0.00124736 
0.12 0.998498 0.994947 0.00505278 0.00150183 
0.13 0.998217 0.99402 0.00597982 0.001783 
0.14 0.997908 0.993008 0.00699181 0.0020916 
0.15 0.997572 0.99191 0.00808995 0.00242836 
0.16 0.997206 0.990725 0.00927528 0.00279399 
0.17 0.996811 0.989451 0.0105487 0.00318918 
0.18 0.996385 0.988089 0.0119111 0.00361461 
0.19 0.995929 0.986637 0.013363 0.00407094 
0.2 0.995441 0.985095 0.0149049 0.00455882 
0.21 0.994921 0.983463 0.0165372 0.00507885 
0.22 0.994368 0.98174 0.01826 0.00563162 
0.23 0.993782 0.979927 0.0200734 0.00621769 
0.24 0.993162 0.978023 0.0219771 0.00683757 
0.25 0.992508 0.976029 0.0239709 0.00749176 
0.26 0.991819 0.973946 0.0260542 0.00818069 
0.27 0.991095 0.971774 0.0282262 0.00890477 
0.28 0.990336 0.969514 0.0304862 0.00966436 
0.29 0.98954 0.967167 0.0328329 0.0104598 
0.3 0.988709 0.964735 0.0352653 0.0112913 
0.31 0.987841 0.962218 0.0377818 0.0121591 
0.32 0.986937 0.959619 0.0403809 0.0130634 
0.33 0.985996 0.956939 0.0430607 0.0140042 
0.34 0.985018 0.954181 0.0458193 0.0149817 
0.35 0.984004 0.951345 0.0486547 0.0159959 
0.36 0.982953 0.948435 0.0515646 0.0170466 
0.37 0.981866 0.945454 0.0545465 0.0181338 
0.38 0.980743 0.942402 0.057598 0.0192573 
0.39 0.979583 0.939284 0.0607163 0.020417 
0.4 0.978388 0.936101 0.0638987 0.0216124 
0.41 0.977157 0.932858 0.0671423 0.0228432 
0.42 0.975891 0.929556 0.0704441 0.0241092 
0.43 0.97459 0.926199 0.0738011 0.0254098 
0.44 0.973255 0.92279 0.07721 0.0267446 
0.45 0.971887 0.919332 0.0806677 0.028113 
0.46 0.970486 0.915829 0.0841709 0.0295144 
0.47 0.969052 0.912284 0.0877164 0.0309481 
0.48 0.967586 0.908699 0.0913008 0.0324136 
0.49 0.96609 0.905079 0.0949207 0.0339101 
0.5 0.964563 0.901427 0.0985729 0.0354368 
0.51 0.963007 0.897746 0.102254 0.0369929 
0.52 0.961422 0.894039 0.105961 0.0385776 
0.53 0.95981 0.890311 0.109689 0.0401901 
0.54 0.958171 0.886563 0.113437 0.0418294 
0.55 0.956505 0.882799 0.117201 0.0434947 
0.56 0.954815 0.879022 0.120978 0.045185 
0.57 0.953101 0.875236 0.124764 0.0468994 
0.58 0.951363 0.871444 0.128556 0.0486369 
0.59 0.949603 0.867647 0.132353 0.0503965 
0.6 0.947823 0.86385 0.13615 0.0521773 
0.61 0.946022 0.860055 0.139945 0.0539782 
0.62 0.944202 0.856265 0.143735 0.0557983 
0.63 0.942363 0.852481 0.147519 0.0576366 
0.64 0.940508 0.848708 0.151292 0.059492 
0.65 0.938636 0.844946 0.155054 0.0613636 
0.66 0.93675 0.841199 0.158801 0.0632503 
0.67 0.934849 0.837468 0.162532 0.0651513 
0.68 0.932935 0.833756 0.166244 0.0670655 
0.69 0.931008 0.830064 0.169936 0.0689919 
0.7 0.92907 0.826394 0.173606 0.0709296 
0.71 0.927122 0.822749 0.177251 0.0728777 
0.72 0.925165 0.819129 0.180871 0.0748352 
0.73 0.923199 0.815536 0.184464 0.0768013 
0.74 0.921225 0.811972 0.188028 0.0787751 
0.75 0.919244 0.808438 0.191562 0.0807556 
0.76 0.917258 0.804934 0.195066 0.0827421 
0.77 0.915266 0.801463 0.198537 0.0847337 
0.78 0.91327 0.798026 0.201974 0.0867296 
0.79 0.911271 0.794622 0.205378 0.0887291 
0.8 0.909269 0.791253 0.208747 0.0907313 
0.81 0.907264 0.787921 0.212079 0.0927356 
0.82 0.905259 0.784624 0.215376 0.0947412 
0.83 0.903253 0.781365 0.218635 0.0967474 
0.84 0.901246 0.778143 0.221857 0.0987536 
0.85 0.899241 0.77496 0.22504 0.100759 
0.86 0.897237 0.771814 0.228186 0.102763 
0.87 0.895234 0.768708 0.231292 0.104766 
0.88 0.893235 0.76564 0.23436 0.106765 
0.89 0.891238 0.762612 0.237388 0.108762 
0.9 0.889244 0.759623 0.240377 0.110756 
0.91 0.887255 0.756673 0.243327 0.112745 
0.92 0.885271 0.753763 0.246237 0.114729 
0.93 0.883291 0.750892 0.249108 0.116709 
0.94 0.881317 0.748061 0.251939 0.118683 
0.95 0.879349 0.745269 0.254731 0.120651 
0.96 0.877387 0.742516 0.257484 0.122613 
0.97 0.875431 0.739803 0.260197 0.124569 
0.98 0.873483 0.737128 0.262872 0.126517 
0.99 0.871542 0.734492 0.265508 0.128458 
1 0.869609 0.731894 0.268106 0.130391 
1.01 0.867684 0.729334 0.270666 0.132316 
1.02 0.865767 0.726812 0.273188 0.134233 
1.03 0.863858 0.724328 0.275672 0.136142 
1.04 0.861959 0.72188 0.27812 0.138041 
1.05 0.860069 0.71947 0.28053 0.139931 
1.06 0.858187 0.717095 0.282905 0.141813 
1.07 0.856316 0.714757 0.285243 0.143684 
1.08 0.854454 0.712455 0.287545 0.145546 
1.09 0.852602 0.710187 0.289813 0.147398 
1.1 0.85076 0.707955 0.292045 0.14924 
1.11 0.848929 0.705756 0.294244 0.151071 
1.12 0.847107 0.703592 0.296408 0.152893 
1.13 0.845297 0.701461 0.298539 0.154703 
1.14 0.843497 0.699363 0.300637 0.156503 
1.15 0.841707 0.697297 0.302703 0.158293 
1.16 0.839929 0.695264 0.304736 0.160071 
1.17 0.838161 0.693262 0.306738 0.161839 
1.18 0.836405 0.691291 0.308709 0.163595 
1.19 0.83466 0.689351 0.310649 0.16534 
1.2 0.832926 0.687442 0.312558 0.167074 
1.21 0.831203 0.685562 0.314438 0.168797 
1.22 0.829491 0.683711 0.316289 0.170509 
1.23 0.827791 0.681889 0.318111 0.172209 
1.24 0.826102 0.680095 0.319905 0.173898 
1.25 0.824425 0.67833 0.32167 0.175575 
1.26 0.822759 0.676591 0.323409 0.177241 
1.27 0.821105 0.67488 0.32512 0.178895 
1.28 0.819462 0.673195 0.326805 0.180538 
1.29 0.81783 0.671537 0.328463 0.18217 
1.3 0.81621 0.669904 0.330096 0.18379 
1.31 0.814602 0.668296 0.331704 0.185398 
1.32 0.813005 0.666713 0.333287 0.186995 
1.33 0.811419 0.665154 0.334846 0.188581 
1.34 0.809845 0.66362 0.33638 0.190155 
1.35 0.808282 0.662109 0.337891 0.191718 
1.36 0.80673 0.660621 0.339379 0.19327 
1.37 0.80519 0.659155 0.340845 0.19481 
1.38 0.803662 0.657712 0.342288 0.196338 
1.39 0.802144 0.656291 0.343709 0.197856 
1.4 0.800638 0.654891 0.345109 0.199362 
1.41 0.799143 0.653513 0.346487 0.200857 
1.42 0.797659 0.652155 0.347845 0.202341 
1.43 0.796186 0.650818 0.349182 0.203814 
1.44 0.794724 0.6495 0.3505 0.205276 
1.45 0.793274 0.648203 0.351797 0.206726 
1.46 0.791834 0.646924 0.353076 0.208166 
1.47 0.790405 0.645665 0.354335 0.209595 
1.48 0.788987 0.644424 0.355576 0.211013 
1.49 0.787579 0.643202 0.356798 0.212421 
1.5 0.786183 0.641997 0.358003 0.213817 
1.51 0.784797 0.64081 0.35919 0.215203 
1.52 0.783421 0.63964 0.36036 0.216579 
1.53 0.782056 0.638488 0.361512 0.217944 
1.54 0.780702 0.637352 0.362648 0.219298 
1.55 0.779358 0.636232 0.363768 0.220642 
1.56 0.778024 0.635129 0.364871 0.221976 
1.57 0.7767 0.634041 0.365959 0.2233 
1.58 0.775387 0.632969 0.367031 0.224613 
1.59 0.774083 0.631912 0.368088 0.225917 
1.6 0.77279 0.63087 0.36913 0.22721 
1.61 0.771507 0.629843 0.370157 0.228493 
1.62 0.770233 0.62883 0.37117 0.229767 
1.63 0.768969 0.627831 0.372169 0.231031 
1.64 0.767715 0.626846 0.373154 0.232285 
1.65 0.766471 0.625875 0.374125 0.233529 
1.66 0.765236 0.624917 0.375083 0.234764 
1.67 0.764011 0.623973 0.376027 0.235989 
1.68 0.762795 0.623041 0.376959 0.237205 
1.69 0.761589 0.622122 0.377878 0.238411 
1.7 0.760391 0.621216 0.378784 0.239609 
1.71 0.759203 0.620322 0.379678 0.240797 
1.72 0.758024 0.61944 0.38056 0.241976 
1.73 0.756854 0.61857 0.38143 0.243146 
1.74 0.755693 0.617711 0.382289 0.244307 
1.75 0.754541 0.616864 0.383136 0.245459 
1.76 0.753398 0.616028 0.383972 0.246602 
1.77 0.752264 0.615203 0.384797 0.247736 
1.78 0.751138 0.614389 0.385611 0.248862 
1.79 0.75002 0.613585 0.386415 0.24998 
1.8 0.748912 0.612792 0.387208 0.251088 
1.81 0.747811 0.612009 0.387991 0.252189 
1.82 0.746719 0.611237 0.388763 0.253281 
1.83 0.745636 0.610474 0.389526 0.254364 
1.84 0.74456 0.609721 0.390279 0.25544 
1.85 0.743493 0.608978 0.391022 0.256507 
1.86 0.742434 0.608244 0.391756 0.257566 
1.87 0.741383 0.607519 0.392481 0.258617 
1.88 0.740339 0.606803 0.393197 0.259661 
1.89 0.739304 0.606097 0.393903 0.260696 
1.9 0.738276 0.605399 0.394601 0.261724 
1.91 0.737257 0.60471 0.39529 0.262743 
1.92 0.736244 0.604029 0.395971 0.263756 
1.93 0.73524 0.603357 0.396643 0.26476 
1.94 0.734242 0.602692 0.397308 0.265758 
1.95 0.733253 0.602036 0.397964 0.266747 
1.96 0.73227 0.601388 0.398612 0.26773 
1.97 0.731295 0.600748 0.399252 0.268705 
1.98 0.730327 0.600115 0.399885 0.269673 
1.99 0.729367 0.59949 0.40051 0.270633 
2 0.728413 0.598873 0.401127 0.271587 
