g E0 Ep1 Epair duration
-2 128.787 55.276 73.5113 865635
-1.99 128.325 55.2249 73.1004 865640
-1.98 127.863 55.1733 72.6893 841275
-1.97 127.399 55.1212 72.2781 838272
-1.96 126.935 55.0686 71.8666 836993
-1.95 126.47 55.0155 71.4549 852076
-1.94 126.005 54.9619 71.0431 836504
-1.93 125.539 54.9078 70.631 835299
-1.92 125.072 54.8532 70.2187 839929
-1.91 124.604 54.7981 69.8063 860886
-1.9 124.136 54.7424 69.3936 861230
-1.89 123.667 54.6862 68.9807 804438
-1.88 123.197 54.6295 68.5676 567957
-1.87 122.727 54.5722 68.1543 451197
-1.86 122.255 54.5143 67.7408 433679
-1.85 121.783 54.4559 67.3271 434638
-1.84 121.31 54.3969 66.9131 435577
-1.83 120.836 54.3373 66.4989 437299
-1.82 120.362 54.2771 66.0845 436993
-1.81 119.886 54.2163 65.6698 439905
-1.8 119.41 54.155 65.2549 439840
-1.79 118.933 54.0929 64.8398 443152
-1.78 118.455 54.0303 64.4245 440637
-1.77 117.976 53.967 64.0088 440984
-1.76 117.496 53.9031 63.593 442344
-1.75 117.015 53.8385 63.1769 445883
-1.74 116.534 53.7733 62.7605 441947
-1.73 116.051 53.7074 62.3439 443807
-1.72 115.568 53.6407 61.927 445121
-1.71 115.083 53.5734 61.5099 458200
-1.7 114.598 53.5054 61.0925 446640
-1.69 114.112 53.4367 60.6748 444109
-1.68 113.624 53.3673 60.2568 445351
-1.67 113.136 53.2971 59.8386 444614
-1.66 112.646 53.2261 59.4201 447399
-1.65 112.156 53.1544 59.0013 450224
-1.64 111.664 53.0819 58.5822 440837
-1.63 111.171 53.0087 58.1628 440819
-1.62 110.678 52.9346 57.7431 440769
-1.61 110.183 52.8598 57.3231 441580
-1.6 109.687 52.7841 56.9028 441822
-1.59 109.19 52.7075 56.4822 444895
-1.58 108.692 52.6302 56.0613 441537
-1.57 108.192 52.5519 55.6401 437003
-1.56 107.691 52.4728 55.2185 438765
-1.55 107.19 52.3929 54.7967 441980
-1.54 106.686 52.312 54.3745 443120
-1.53 106.182 52.2301 53.9519 442548
-1.52 105.676 52.1474 53.529 443720
-1.51 105.17 52.0637 53.1058 440909
-1.5 104.661 51.9791 52.6822 455774
-1.49 104.152 51.8934 52.2583 441268
-1.48 103.641 51.8069 51.834 445255
-1.47 103.129 51.7192 51.4093 441701
-1.46 102.615 51.6306 50.9843 442549
-1.45 102.1 51.5409 50.5589 441133
-1.44 101.583 51.4502 50.1331 441950
-1.43 101.065 51.3583 49.707 446068
-1.42 100.546 51.2654 49.2804 444128
-1.41 100.025 51.1714 48.8535 441243
-1.4 99.5025 51.0763 48.4262 441312
-1.39 98.9784 50.98 47.9984 441036
-1.38 98.4528 50.8825 47.5703 441040
-1.37 97.9256 50.7839 47.1417 443322
-1.36 97.3968 50.684 46.7128 451491
-1.35 96.8664 50.583 46.2834 449881
-1.34 96.3342 50.4807 45.8536 451627
-1.33 95.8004 50.3771 45.4233 451535
-1.32 95.2648 50.2722 44.9926 454210
-1.31 94.7275 50.166 44.5615 452356
-1.3 94.1885 50.0586 44.1299 454637
-1.29 93.6476 49.9497 43.6979 463113
-1.28 93.1049 49.8395 43.2654 448160
-1.27 92.5603 49.7279 42.8324 445967
-1.26 92.0138 49.6148 42.399 449341
-1.25 91.4654 49.5003 41.9651 448166
-1.24 90.9151 49.3844 41.5307 457711
-1.23 90.3628 49.2669 41.0959 461738
-1.22 89.8085 49.148 40.6605 450364
-1.21 89.2521 49.0274 40.2247 445839
-1.2 88.6937 48.9054 39.7883 448645
-1.19 88.1332 48.7817 39.3515 449864
-1.18 87.5706 48.6564 38.9141 447719
-1.17 87.0057 48.5295 38.4763 465302
-1.16 86.4388 48.4008 38.0379 450506
-1.15 85.8696 48.2705 37.599 450629
-1.14 85.2981 48.1385 37.1596 448112
-1.13 84.7243 48.0046 36.7197 457200
-1.12 84.1483 47.8691 36.2792 459423
-1.11 83.5699 47.7316 35.8383 457374
-1.1 82.9891 47.5923 35.3967 476325
-1.09 82.4059 47.4512 34.9547 448514
-1.08 81.8203 47.3082 34.5121 446353
-1.07 81.2321 47.1632 34.069 449039
-1.06 80.6415 47.0162 33.6253 449948
-1.05 80.0483 46.8672 33.1811 448515
-1.04 79.4526 46.7162 32.7364 466573
-1.03 78.8543 46.5632 32.2911 452198
-1.02 78.2534 46.4081 31.8453 452230
-1.01 77.6498 46.2508 31.399 452523
-1 77.0435 46.0914 30.9521 447276
-0.99 76.4345 45.9297 30.5048 451648
-0.98 75.8228 45.7659 30.0569 450347
-0.97 75.2083 45.5999 29.6085 476115
-0.96 74.5911 45.4315 29.1596 465310
-0.95 73.971 45.2608 28.7102 451294
-0.94 73.3482 45.0878 28.2603 450794
-0.93 72.7225 44.9125 27.81 452743
-0.92 72.0939 44.7347 27.3592 451212
-0.91 71.4624 44.5545 26.908 448455
-0.9 70.8281 44.3719 26.4563 450874
-0.89 70.1909 44.1867 26.0042 452337
-0.88 69.5509 43.9991 25.5518 453946
-0.87 68.9079 43.8089 25.099 449871
-0.86 68.262 43.6162 24.6458 452182
-0.85 67.6133 43.4209 24.1924 452307
-0.84 66.9617 43.223 23.7386 452182
-0.83 66.3072 43.0225 23.2847 448227
-0.82 65.6499 42.8194 22.8305 452970
-0.81 64.9899 42.6137 22.3762 453081
-0.8 64.327 42.4052 21.9218 454551
-0.79 63.6615 42.1942 21.4673 454332
-0.78 62.9933 41.9805 21.0128 451827
-0.77 62.3225 41.7641 20.5584 452615
-0.76 61.6491 41.5451 20.104 460032
-0.75 60.9733 41.3234 19.6499 458715
-0.74 60.2952 41.0991 19.196 450731
-0.73 59.6148 40.8722 18.7425 455306
-0.72 58.9322 40.6428 18.2894 457175
-0.71 58.2476 40.4108 17.8369 452700
-0.7 57.5612 40.1762 17.385 459274
-0.69 56.8731 39.9393 16.9338 453619
-0.68 56.1835 39.6999 16.4836 455418
-0.67 55.4925 39.4582 16.0343 455401
-0.66 54.8004 39.2142 15.5862 450121
-0.65 54.1075 38.9681 15.1394 458948
-0.64 53.4139 38.7199 14.6941 452608
-0.63 52.7201 38.4697 14.2504 455474
-0.62 52.0262 38.2177 13.8085 456818
-0.61 51.3327 37.964 13.3687 457290
-0.6 50.6399 37.7087 12.9312 457029
-0.59 49.9482 37.4521 12.4961 456359
-0.58 49.2581 37.1943 12.0638 455247
-0.57 48.57 36.9355 11.6345 455622
-0.56 47.8844 36.6759 11.2085 472454
-0.55 47.2019 36.4159 10.7861 468499
-0.54 46.5231 36.1556 10.3675 453295
-0.53 45.8485 35.8953 9.95323 458989
-0.52 45.179 35.6354 9.54354 457057
-0.51 44.515 35.3762 9.13882 458086
-0.5 43.8575 35.1181 8.73945 459846
-0.49 43.2072 34.8614 8.34586 458099
-0.48 42.565 34.6065 7.95848 457849
-0.47 41.9317 34.354 7.57774 461320
-0.46 41.3083 34.1042 7.20411 460028
-0.45 40.6958 33.8577 6.83808 466439
-0.44 40.095 33.6149 6.48012 459930
-0.43 39.5072 33.3764 6.13073 452331
-0.42 38.9332 33.1428 5.79042 453158
-0.41 38.3742 32.9145 5.45968 460456
-0.4 37.8311 32.6921 5.139 463825
-0.39 37.305 32.4762 4.82884 459237
-0.38 36.7969 32.2672 4.52964 460831
-0.37 36.3075 32.0657 4.24181 457802
-0.36 35.8378 31.8721 3.96568 461260
-0.35 35.3882 31.6867 3.70152 458521
-0.34 34.9592 31.5097 3.44949 463682
-0.33 34.551 31.3414 3.20967 473631
-0.32 34.1635 31.1815 2.98199 461774
-0.31 33.7964 31.0301 2.76629 463241
-0.3 33.4489 30.8866 2.56225 463769
-0.29 33.1202 30.7507 2.36944 465591
-0.28 32.809 30.6216 2.18731 463821
-0.27 32.5139 30.4987 2.01523 467360
-0.26 32.2333 30.3808 1.85248 463615
-0.25 31.9653 30.267 1.69831 462831
-0.24 31.7081 30.1562 1.55191 468047
-0.23 31.4596 30.0471 1.4125 466994
-0.22 31.32 30 1.32 466298
-0.21 31.2601 30.0001 1.26004 463939
-0.2 31.2 30 1.2 461659
-0.19 31.14 30 1.14 464798
-0.18 31.08 30 1.08 461535
-0.17 31.02 30 1.02 465097
-0.16 30.96 30 0.96 466060
-0.15 30.9 30 0.9 465663
-0.14 30.84 30 0.84 466321
-0.13 30.78 30 0.78 460578
-0.12 30.72 30 0.72 476580
-0.11 30.66 30 0.66 464758
-0.1 30.6 30 0.6 467966
-0.09 30.54 30 0.54 465169
-0.08 30.48 30 0.48 471895
-0.07 30.42 30 0.42 466100
-0.06 30.36 30 0.36 469970
-0.05 30.3 30 0.3 467414
-0.04 30.24 30 0.24 467889
-0.03 30.18 30 0.18 469028
-0.02 30.12 30 0.12 464640
-0.01 30.06 30 0.06 468116
0.01 29.94 30 -0.06 448041
0.02 29.88 30 -0.12 462727
0.03 29.82 30 -0.18 459514
0.04 29.76 30 -0.24 472399
0.05 29.7 30 -0.3 470301
0.06 29.64 30 -0.36 468273
0.07 29.58 30 -0.42 474167
0.08 29.52 30 -0.48 469447
0.09 29.46 30 -0.54 483960
0.1 29.4 30 -0.6 469195
0.11 29.34 30 -0.66 472888
0.12 29.28 30 -0.72 471602
0.13 29.22 30 -0.78 470432
0.14 29.16 30 -0.84 471429
0.15 29.1 30 -0.9 471777
0.16 29.04 30 -0.96 465563
0.17 28.98 30 -1.02 472700
0.18 28.92 30 -1.08 471599
0.19 28.86 30 -1.14 471515
0.2 28.8 30 -1.20001 473050
0.21 28.74 30 -1.26001 473637
0.22 28.68 30 -1.32001 475548
0.23 28.62 30 -1.38001 472566
0.24 28.56 30 -1.44001 478279
0.25 28.5 30 -1.50001 471818
0.26 28.44 30 -1.56001 490047
0.27 28.38 30 -1.62001 472181
0.28 28.32 30 -1.68001 475320
0.29 28.26 30 -1.74004 475167
0.3 28.2 30.0001 -1.80013 490253
0.31 28.14 30.0019 -1.86184 477455
0.32 28.0796 30.0747 -1.99509 490708
0.33 28.0153 30.2248 -2.20948 479747
0.34 27.9462 30.3794 -2.43314 477189
0.35 27.8726 30.5361 -2.66355 477187
0.36 27.7943 30.6956 -2.90126 477662
0.37 27.7116 30.8582 -3.14655 479437
0.39 27.5329 31.1924 -3.65944 467771
0.4 27.437 31.3652 -3.92818 469311
0.41 27.3367 31.5423 -4.2056 476616
0.42 27.232 31.7238 -4.49175 482905
0.43 27.1229 31.9096 -4.78671 481744
0.45 26.8917 32.2931 -5.40139 446472
0.46 26.7696 32.4904 -5.72083 448777
0.47 26.6431 32.6928 -6.04975 449726
0.48 26.5123 32.8976 -6.38534 448788
0.5 26.2377 33.3185 -7.08071 441943
0.52 25.9461 33.7492 -7.80309 439157
0.53 25.794 33.9695 -8.17551 444128
0.54 25.6378 34.1903 -8.55254 442889
0.55 25.4774 34.4128 -8.9354 452234
0.56 25.3129 34.6367 -9.32373 457072
0.57 25.1445 34.8631 -9.71866 453494
0.58 24.9721 35.0889 -10.1168 442082
0.59 24.7957 35.3153 -10.5195 463952
0.6 24.6156 35.5421 -10.9265 446653
0.61 24.4316 35.769 -11.3374 449869
0.62 24.2439 35.9975 -11.7536 438591
0.63 24.0526 36.2241 -12.1715 447367
0.64 23.8576 36.4503 -12.5927 446918
0.65 23.6591 36.676 -13.0168 447951
0.66 23.4572 36.9009 -13.4437 445151
0.67 23.2519 37.125 -13.8732 440288
0.68 23.0431 37.3482 -14.305 438849
0.7 22.616 37.7923 -15.1763 442641
0.71 22.3977 38.0117 -15.614 446749
0.72 22.1762 38.2297 -16.0534 459622
0.73 21.9518 38.4462 -16.4944 450966
0.74 21.7244 38.6612 -16.9368 444615
0.75 21.4941 38.8745 -17.3804 441681
0.76 21.261 39.0862 -17.8252 451624
0.77 21.0251 39.2977 -18.2726 458264
0.78 20.7864 39.5057 -18.7193 447566
0.79 20.5452 39.712 -19.1668 439892
0.8 20.3013 39.9164 -19.6151 447216
0.82 19.8059 40.3195 -20.5136 436432
0.83 19.5546 40.5182 -20.9636 437943
0.84 19.3008 40.715 -21.4141 442617
0.85 19.0448 40.9098 -21.865 440331
0.86 18.7864 41.1026 -22.3162 440898
0.87 18.5258 41.2935 -22.7676 447702
0.88 18.263 41.4823 -23.2193 443801
0.89 17.9981 41.6705 -23.6724 439856
0.9 17.7311 41.8553 -24.1242 440893
0.91 17.4621 42.0381 -24.576 439583
0.92 17.1911 42.2189 -25.0279 440677
0.93 16.9181 42.3978 -25.4797 439666
0.94 16.6432 42.5746 -25.9315 439028
0.95 16.3664 42.7496 -26.3832 442349
0.96 16.0878 42.9226 -26.8348 438347
0.97 15.8074 43.0936 -27.2862 438341
0.98 15.5252 43.2627 -27.7375 438380
0.99 15.2413 43.4299 -28.1886 438397
1 14.9558 43.5952 -28.6394 437648
1.01 14.6686 43.7586 -29.09 437424
1.02 14.3797 43.9201 -29.5404 437345
1.03 14.0894 44.0798 -29.9905 438167
1.04 13.7974 44.2377 -30.4403 441045
1.05 13.504 44.3937 -30.8897 437017
1.06 13.2091 44.5492 -31.3401 440334
1.07 12.9127 44.7016 -31.7889 439893
1.08 12.6149 44.8522 -32.2373 438296
1.09 12.3158 45.0011 -32.6853 440675
1.1 12.0152 45.1483 -33.133 452749
1.11 11.7134 45.2937 -33.5803 438284
1.14 10.8001 45.7201 -34.92 436165
1.15 10.4932 45.859 -35.3658 435794
1.16 10.1851 45.9962 -35.8112 441204
1.17 9.87577 46.1319 -36.2561 439496
1.18 9.56532 46.266 -36.7007 440435
1.19 9.25373 46.3986 -37.1449 441343
1.21 8.62729 46.6592 -38.0319 435124
1.22 8.31244 46.7873 -38.4748 439796
1.23 7.99657 46.9139 -38.9173 438548
1.24 7.67967 47.039 -39.3594 435815
1.25 7.36175 47.1628 -39.801 439182
1.26 7.04285 47.2851 -40.2422 436915
1.27 6.723 47.406 -40.683 436692
1.28 6.4022 47.5256 -41.1234 447709
1.29 6.08046 47.6438 -41.5634 436909
1.31 5.43428 47.8763 -42.442 436556
1.32 5.10986 47.9906 -42.8807 435400
1.33 4.78457 48.1036 -43.319 438564
1.34 4.45845 48.2153 -43.7569 435479
1.35 4.1315 48.3259 -44.1944 437490
1.36 3.80373 48.4361 -44.6324 439183
1.37 3.47515 48.5441 -45.069 436204
1.38 3.14582 48.651 -45.5052 438347
1.39 2.81569 48.7567 -45.941 437897
1.4 2.48481 48.8612 -46.3764 437388
1.41 2.15319 48.9646 -46.8114 438528
1.42 1.82084 49.0668 -47.246 438238
1.43 1.48777 49.168 -47.6802 440595
1.44 1.15399 49.268 -48.1141 441179
1.45 0.819544 49.3671 -48.5475 436966
1.46 0.484395 49.465 -48.9806 442195
1.47 0.148579 49.5618 -49.4133 441600
1.49 -0.524987 49.7525 -50.2775 433814
1.5 -0.862736 49.8464 -50.7091 436620
1.51 -1.20111 49.9392 -51.1403 439480
1.53 -1.87965 50.122 -52.0016 438424
1.54 -2.21983 50.2119 -52.4317 442601
1.55 -2.56059 50.3009 -52.8615 443520
1.56 -2.90189 50.389 -53.2909 440186
1.57 -3.24379 50.4762 -53.72 441120
1.58 -3.58623 50.5625 -54.1487 440120
1.59 -3.9292 50.6479 -54.5771 441418
1.6 -4.27271 50.7324 -55.0051 437244
1.61 -4.61676 50.8161 -55.4328 450413
1.62 -4.96132 50.8989 -55.8602 439036
1.63 -5.30638 50.9809 -56.2873 439391
1.64 -5.65195 51.0621 -56.714 440322
1.65 -5.99801 51.1424 -57.1404 438190
1.67 -6.69157 51.3007 -57.9923 434595
1.68 -7.03907 51.3787 -58.4177 438241
1.69 -7.38703 51.4559 -58.8429 439439
1.7 -7.73542 51.5323 -59.2677 439716
1.71 -8.08428 51.608 -59.6923 439219
1.72 -8.43358 51.6829 -60.1165 438507
1.73 -8.78331 51.7571 -60.5405 438256
1.74 -9.13345 51.8307 -60.9641 438641
1.75 -9.48404 51.9034 -61.3875 440009
1.76 -9.83503 51.9755 -61.8106 439571
1.77 -10.1864 52.0469 -62.2334 440399
1.78 -10.5382 52.1177 -62.6559 442780
1.79 -10.8904 52.1877 -63.0781 439930
1.8 -11.243 52.2571 -63.5001 442404
1.81 -11.596 52.3258 -63.9218 444956
1.82 -11.9493 52.3939 -64.3432 440804
1.83 -12.303 52.4613 -64.7643 440060
1.84 -12.6571 52.5281 -65.1852 441694
1.85 -13.0116 52.5943 -65.6059 438608
1.86 -13.3664 52.6599 -66.0262 440951
1.87 -13.7215 52.7248 -66.4464 440120
1.88 -14.077 52.7892 -66.8662 439234
1.89 -14.4329 52.853 -67.2858 440310
1.9 -14.789 52.9162 -67.7052 440457
1.91 -15.1456 52.9788 -68.1243 439843
1.92 -15.5024 53.0409 -68.5432 442641
1.93 -15.8595 53.1023 -68.9619 437935
1.94 -16.217 53.1633 -69.3803 440151
1.95 -16.5748 53.2237 -69.7985 439087
1.96 -16.9329 53.2835 -70.2164 438005
1.97 -17.2913 53.3428 -70.6341 439923
1.99 -18.009 53.4599 -71.4689 438148
2 -18.3683 53.5177 -71.8859 443615
