g occupationNumbers
-2 0.701362 0.669044 0.634332 0.597562 0.559207 0.51985 0.48015 0.440793 0.402438 0.365668 0.330956 0.298638 
-1.99 0.702275 0.669852 0.635002 0.598066 0.55952 0.519956 0.480044 0.44048 0.401934 0.364998 0.330148 0.297725 
-1.98 0.703195 0.670667 0.635679 0.598575 0.559836 0.520063 0.479936 0.440164 0.401425 0.36432 0.329333 0.296804 
-1.97 0.704124 0.67149 0.636364 0.599089 0.560156 0.520172 0.479828 0.439844 0.400911 0.363637 0.32851 0.295876 
-1.96 0.705061 0.672321 0.637054 0.599609 0.560479 0.520282 0.479718 0.439521 0.400391 0.362946 0.327679 0.294939 
-1.95 0.706006 0.673159 0.637752 0.600134 0.560806 0.520392 0.479608 0.439194 0.399865 0.362248 0.326841 0.293994 
-1.94 0.706959 0.674006 0.638457 0.600665 0.561136 0.520505 0.479495 0.438864 0.399335 0.361543 0.325994 0.293041 
-1.93 0.70792 0.67486 0.639169 0.601202 0.56147 0.520618 0.479382 0.43853 0.398798 0.360831 0.32514 0.29208 
-1.92 0.708889 0.675723 0.639889 0.601744 0.561808 0.520733 0.479267 0.438192 0.398255 0.360111 0.324277 0.291111 
-1.91 0.709868 0.676593 0.640615 0.602293 0.562149 0.520849 0.479151 0.437851 0.397707 0.359385 0.323407 0.290133 
-1.9 0.710854 0.677473 0.64135 0.602847 0.562495 0.520966 0.479034 0.437505 0.397153 0.35865 0.322527 0.289146 
-1.89 0.711849 0.67836 0.642092 0.603408 0.562844 0.521085 0.478915 0.437156 0.396592 0.357908 0.32164 0.288151 
-1.88 0.712853 0.679256 0.642841 0.603974 0.563197 0.521205 0.478795 0.436803 0.396026 0.357159 0.320743 0.287146 
-1.87 0.713867 0.680161 0.643599 0.604547 0.563555 0.521327 0.478674 0.436445 0.395453 0.356401 0.319839 0.286134 
-1.86 0.714888 0.681075 0.644364 0.605127 0.563916 0.521449 0.478551 0.436084 0.394874 0.355636 0.318925 0.285112 
-1.85 0.715919 0.681998 0.645138 0.605712 0.564282 0.521574 0.478426 0.435718 0.394288 0.354862 0.318002 0.284081 
-1.84 0.71696 0.68293 0.64592 0.606305 0.564652 0.5217 0.4783 0.435348 0.393695 0.35408 0.31707 0.28304 
-1.83 0.718009 0.683871 0.64671 0.606904 0.565027 0.521827 0.478173 0.434973 0.393096 0.35329 0.316129 0.281991 
-1.82 0.719068 0.684821 0.647509 0.60751 0.565406 0.521956 0.478044 0.434594 0.39249 0.352491 0.315179 0.280932 
-1.81 0.720137 0.685781 0.648317 0.608123 0.565789 0.522087 0.477913 0.43421 0.391877 0.351683 0.314219 0.279863 
-1.8 0.721215 0.686751 0.649133 0.608743 0.566178 0.522219 0.477781 0.433822 0.391257 0.350867 0.313249 0.278785 
-1.79 0.722303 0.68773 0.649958 0.609371 0.566571 0.522353 0.477647 0.43343 0.390629 0.350042 0.31227 0.277697 
-1.78 0.723401 0.688719 0.650792 0.610005 0.566968 0.522488 0.477512 0.433032 0.389995 0.349208 0.311281 0.276599 
-1.77 0.724509 0.689718 0.651636 0.610648 0.567371 0.522626 0.477374 0.432629 0.389352 0.348364 0.310282 0.275491 
-1.76 0.725627 0.690728 0.652489 0.611297 0.567778 0.522765 0.477235 0.432222 0.388703 0.347512 0.309272 0.274373 
-1.75 0.726755 0.691747 0.653351 0.611955 0.568191 0.522905 0.477095 0.431809 0.388045 0.346649 0.308253 0.273245 
-1.74 0.727893 0.692777 0.654223 0.61262 0.568609 0.523048 0.476952 0.431391 0.387379 0.345777 0.307222 0.272107 
-1.73 0.729043 0.693818 0.655105 0.613294 0.569032 0.523192 0.476808 0.430968 0.386706 0.344895 0.306182 0.270958 
-1.72 0.730202 0.69487 0.655997 0.613976 0.56946 0.523339 0.476661 0.43054 0.386024 0.344003 0.30513 0.269798 
-1.71 0.731373 0.695932 0.656899 0.614666 0.569894 0.523487 0.476513 0.430106 0.385334 0.343101 0.304068 0.268627 
-1.7 0.732554 0.697006 0.657811 0.615364 0.570334 0.523637 0.476363 0.429666 0.384636 0.342189 0.302994 0.267446 
-1.69 0.733747 0.698091 0.658734 0.616071 0.570779 0.523789 0.476211 0.429221 0.383929 0.341266 0.301909 0.266254 
-1.68 0.73495 0.699187 0.659667 0.616787 0.57123 0.523943 0.476057 0.42877 0.383213 0.340333 0.300813 0.26505 
-1.67 0.736165 0.700295 0.660612 0.617512 0.571687 0.524099 0.475901 0.428313 0.382488 0.339388 0.299705 0.263835 
-1.66 0.737391 0.701415 0.661567 0.618246 0.57215 0.524258 0.475742 0.42785 0.381754 0.338433 0.298586 0.262609 
-1.65 0.738629 0.702546 0.662534 0.618989 0.57262 0.524418 0.475582 0.42738 0.381011 0.337466 0.297454 0.261371 
-1.64 0.739878 0.70369 0.663512 0.619742 0.573095 0.524581 0.475419 0.426905 0.380258 0.336488 0.29631 0.260122 
-1.63 0.74114 0.704846 0.664502 0.620505 0.573577 0.524746 0.475254 0.426423 0.379495 0.335498 0.295154 0.25886 
-1.62 0.742413 0.706014 0.665504 0.621277 0.574066 0.524913 0.475087 0.425934 0.378723 0.334496 0.293986 0.257587 
-1.61 0.743699 0.707195 0.666517 0.622059 0.574561 0.525083 0.474917 0.425439 0.377941 0.333483 0.292805 0.256301 
-1.6 0.744996 0.708389 0.667543 0.622852 0.575063 0.525255 0.474745 0.424937 0.377148 0.332457 0.291611 0.255004 
-1.59 0.746306 0.709596 0.668582 0.623655 0.575572 0.525429 0.47457 0.424428 0.376345 0.331418 0.290404 0.253693 
-1.58 0.747629 0.710816 0.669633 0.624469 0.576088 0.525607 0.474394 0.423912 0.375531 0.330367 0.289184 0.252371 
-1.57 0.748965 0.71205 0.670697 0.625294 0.576612 0.525786 0.474214 0.423388 0.374706 0.329303 0.28795 0.251035 
-1.56 0.750313 0.713297 0.671774 0.626129 0.577143 0.525968 0.474032 0.422857 0.373871 0.328226 0.286702 0.249687 
-1.55 0.751674 0.714559 0.672865 0.626976 0.577681 0.526153 0.473847 0.422319 0.373024 0.327135 0.285441 0.248326 
-1.54 0.753049 0.715834 0.673969 0.627835 0.578228 0.526341 0.473659 0.421773 0.372165 0.326031 0.284166 0.246951 
-1.53 0.754436 0.717124 0.675087 0.628705 0.578782 0.526531 0.473469 0.421218 0.371295 0.324913 0.282876 0.245564 
-1.52 0.755838 0.718428 0.67622 0.629588 0.579344 0.526725 0.473275 0.420656 0.370412 0.32378 0.281572 0.244162 
-1.51 0.757253 0.719746 0.677366 0.630483 0.579915 0.526921 0.473079 0.420085 0.369518 0.322634 0.280254 0.242747 
-1.5 0.758681 0.72108 0.678528 0.63139 0.580494 0.52712 0.47288 0.419506 0.36861 0.321472 0.27892 0.241319 
-1.49 0.760124 0.722429 0.679704 0.63231 0.581082 0.527323 0.472677 0.418918 0.36769 0.320296 0.277571 0.239876 
-1.48 0.761581 0.723793 0.680896 0.633243 0.581679 0.527528 0.472472 0.418321 0.366757 0.319104 0.276207 0.238419 
-1.47 0.763052 0.725173 0.682103 0.634189 0.582285 0.527737 0.472263 0.417715 0.365811 0.317897 0.274827 0.236948 
-1.46 0.764537 0.726569 0.683326 0.635149 0.5829 0.527949 0.472051 0.4171 0.36485 0.316674 0.273431 0.235463 
-1.45 0.766037 0.727981 0.684564 0.636123 0.583525 0.528165 0.471835 0.416475 0.363876 0.315435 0.272019 0.233962 
-1.44 0.767552 0.72941 0.68582 0.637112 0.58416 0.528384 0.471616 0.41584 0.362888 0.31418 0.270591 0.232448 
-1.43 0.769082 0.730855 0.687092 0.638115 0.584804 0.528606 0.471394 0.415196 0.361885 0.312908 0.269145 0.230918 
-1.42 0.770627 0.732316 0.688381 0.639132 0.585459 0.528833 0.471167 0.414541 0.360868 0.311619 0.267684 0.229373 
-1.41 0.772187 0.733795 0.689687 0.640165 0.586124 0.529063 0.470937 0.413876 0.359835 0.310313 0.266205 0.227813 
-1.4 0.773763 0.735292 0.691011 0.641214 0.5868 0.529297 0.470703 0.4132 0.358786 0.308989 0.264708 0.226237 
-1.39 0.775354 0.736806 0.692353 0.642278 0.587487 0.529534 0.470466 0.412513 0.357722 0.307646 0.263194 0.224646 
-1.38 0.776961 0.738338 0.693714 0.643359 0.588186 0.529776 0.470224 0.411814 0.356641 0.306286 0.261662 0.223039 
-1.37 0.778584 0.739888 0.695093 0.644456 0.588896 0.530022 0.469978 0.411104 0.355544 0.304907 0.260112 0.221416 
-1.36 0.780222 0.741457 0.696492 0.64557 0.589617 0.530273 0.469727 0.410383 0.35443 0.303508 0.258543 0.219778 
-1.35 0.781878 0.743044 0.697909 0.646702 0.590351 0.530527 0.469473 0.409649 0.353298 0.302091 0.256956 0.218122 
-1.34 0.783549 0.744651 0.699347 0.647851 0.591098 0.530786 0.469214 0.408902 0.352149 0.300653 0.255349 0.216451 
-1.33 0.785237 0.746277 0.700805 0.649019 0.591857 0.53105 0.46895 0.408143 0.350981 0.299195 0.253723 0.214763 
-1.32 0.786942 0.747923 0.702284 0.650205 0.59263 0.531319 0.468681 0.40737 0.349795 0.297716 0.252077 0.213058 
-1.31 0.788664 0.749588 0.703783 0.651411 0.593415 0.531592 0.468408 0.406584 0.348589 0.296217 0.250412 0.211336 
-1.3 0.790403 0.751274 0.705304 0.652636 0.594215 0.531871 0.468129 0.405785 0.347364 0.294696 0.248726 0.209597 
-1.29 0.792159 0.75298 0.706848 0.653881 0.595029 0.532155 0.467846 0.404971 0.346119 0.293153 0.24702 0.207841 
-1.28 0.793932 0.754707 0.708413 0.655146 0.595858 0.532443 0.467556 0.404142 0.344854 0.291587 0.245292 0.206068 
-1.27 0.795723 0.756456 0.710001 0.656433 0.596702 0.532738 0.467262 0.403298 0.343567 0.289999 0.243544 0.204277 
-1.26 0.797531 0.758226 0.711613 0.657741 0.597561 0.533038 0.466962 0.402439 0.342259 0.288387 0.241774 0.202469 
-1.25 0.799358 0.760017 0.713248 0.659071 0.598436 0.533344 0.466656 0.401564 0.340929 0.286752 0.239983 0.200642 
-1.24 0.801202 0.761831 0.714907 0.660424 0.599327 0.533656 0.466344 0.400673 0.339576 0.285092 0.238169 0.198798 
-1.23 0.803064 0.763667 0.716592 0.6618 0.600235 0.533974 0.466026 0.399765 0.3382 0.283408 0.236333 0.196936 
-1.22 0.804945 0.765526 0.718301 0.6632 0.601161 0.534298 0.465702 0.398839 0.3368 0.281699 0.234474 0.195055 
-1.21 0.806844 0.767409 0.720036 0.664624 0.602104 0.534629 0.465371 0.397896 0.335376 0.279964 0.232591 0.193156 
-1.2 0.808761 0.769314 0.721798 0.666073 0.603065 0.534967 0.465033 0.396935 0.333927 0.278202 0.230686 0.191239 
-1.19 0.810697 0.771243 0.723586 0.667548 0.604046 0.535312 0.464688 0.395955 0.332452 0.276414 0.228757 0.189303 
-1.18 0.812652 0.773197 0.725402 0.669049 0.605045 0.535664 0.464336 0.394955 0.330951 0.274598 0.226803 0.187348 
-1.17 0.814625 0.775174 0.727245 0.670577 0.606065 0.536023 0.463977 0.393935 0.329423 0.272755 0.224826 0.185375 
-1.16 0.816618 0.777177 0.729117 0.672133 0.607105 0.53639 0.46361 0.392895 0.327867 0.270883 0.222823 0.183382 
-1.15 0.818629 0.779204 0.731019 0.673718 0.608167 0.536765 0.463235 0.391833 0.326283 0.268981 0.220796 0.181371 
-1.14 0.820659 0.781257 0.732949 0.675331 0.60925 0.537148 0.462852 0.39075 0.324669 0.26705 0.218743 0.179341 
-1.13 0.822709 0.783336 0.734911 0.676975 0.610356 0.537539 0.462461 0.389644 0.323025 0.265089 0.216664 0.177291 
-1.12 0.824778 0.785441 0.736903 0.678649 0.611486 0.53794 0.462061 0.388514 0.321351 0.263097 0.21456 0.175222 
-1.11 0.826866 0.787571 0.738926 0.680355 0.612639 0.538349 0.461651 0.387361 0.319645 0.261074 0.212429 0.173134 
-1.1 0.828973 0.789729 0.740982 0.682094 0.613817 0.538767 0.461232 0.386183 0.317906 0.259018 0.210271 0.171027 
-1.09 0.831099 0.791914 0.743071 0.683866 0.615021 0.539196 0.460804 0.384979 0.316135 0.256929 0.208086 0.168901 
-1.08 0.833245 0.794126 0.745193 0.685672 0.616251 0.539634 0.460366 0.383749 0.314328 0.254807 0.205874 0.166755 
-1.07 0.83541 0.796365 0.747349 0.687513 0.617509 0.540083 0.459917 0.382491 0.312487 0.252651 0.203635 0.16459 
-1.06 0.837595 0.798633 0.74954 0.689391 0.618795 0.540543 0.459457 0.381205 0.310609 0.25046 0.201367 0.162405 
-1.05 0.839799 0.800928 0.751767 0.691306 0.62011 0.541013 0.458987 0.37989 0.308694 0.248233 0.199072 0.160201 
-1.04 0.842022 0.803252 0.75403 0.69326 0.621456 0.541496 0.458504 0.378544 0.30674 0.24597 0.196748 0.157978 
-1.03 0.844264 0.805605 0.75633 0.695253 0.622832 0.54199 0.45801 0.377168 0.304747 0.24367 0.194395 0.155736 
-1.02 0.846525 0.807986 0.758668 0.697286 0.624242 0.542497 0.457503 0.375758 0.302714 0.241332 0.192014 0.153475 
-1.01 0.848805 0.810397 0.761044 0.699361 0.625684 0.543017 0.456983 0.374316 0.300639 0.238956 0.189603 0.151195 
-1 0.851103 0.812837 0.76346 0.701479 0.627162 0.543551 0.456449 0.372838 0.298521 0.23654 0.187163 0.148897 
-0.99 0.853421 0.815307 0.765915 0.703641 0.628675 0.544098 0.455902 0.371325 0.296359 0.234085 0.184693 0.146579 
-0.98 0.855756 0.817806 0.768411 0.705849 0.630226 0.544661 0.455339 0.369774 0.294151 0.231589 0.182194 0.144244 
-0.97 0.85811 0.820336 0.770948 0.708104 0.631815 0.545238 0.454762 0.368185 0.291897 0.229052 0.179664 0.14189 
-0.96 0.860482 0.822895 0.773528 0.710406 0.633445 0.545831 0.454169 0.366555 0.289594 0.226472 0.177105 0.139518 
-0.95 0.862871 0.825485 0.77615 0.712758 0.635116 0.546441 0.453559 0.364884 0.287242 0.22385 0.174515 0.137129 
-0.94 0.865278 0.828105 0.778817 0.715161 0.636831 0.547068 0.452932 0.363169 0.284839 0.221183 0.171895 0.134722 
-0.93 0.867702 0.830755 0.781527 0.717617 0.63859 0.547714 0.452287 0.36141 0.282383 0.218473 0.169245 0.132298 
-0.92 0.870142 0.833435 0.784283 0.720126 0.640396 0.548377 0.451622 0.359604 0.279874 0.215717 0.166565 0.129858 
-0.91 0.872598 0.836145 0.787084 0.722691 0.642251 0.549061 0.450939 0.357749 0.277309 0.212916 0.163855 0.127402 
-0.9 0.87507 0.838886 0.789933 0.725314 0.644156 0.549765 0.450235 0.355844 0.274687 0.210068 0.161114 0.12493 
-0.89 0.877557 0.841657 0.792828 0.727995 0.646113 0.550491 0.449509 0.353887 0.272005 0.207172 0.158343 0.122443 
-0.88 0.880059 0.844457 0.795771 0.730737 0.648125 0.551239 0.448761 0.351875 0.269264 0.204229 0.155543 0.119941 
-0.87 0.882575 0.847287 0.798763 0.733541 0.650194 0.55201 0.44799 0.349806 0.266459 0.201237 0.152713 0.117425 
-0.86 0.885104 0.850147 0.801803 0.736409 0.652322 0.552807 0.447193 0.347679 0.263591 0.198197 0.149853 0.114896 
-0.85 0.887645 0.853035 0.804894 0.739343 0.654511 0.553629 0.446371 0.345489 0.260657 0.195106 0.146965 0.112355 
-0.84 0.890198 0.855952 0.808034 0.742346 0.656765 0.554478 0.445522 0.343235 0.257655 0.191966 0.144048 0.109802 
-0.83 0.892763 0.858897 0.811226 0.745418 0.659085 0.555356 0.444644 0.340915 0.254583 0.188775 0.141103 0.107237 
-0.82 0.895337 0.861869 0.814468 0.748561 0.661475 0.556263 0.443736 0.338525 0.251439 0.185532 0.138131 0.104663 
-0.81 0.89792 0.864868 0.817761 0.751779 0.663938 0.557203 0.442797 0.336062 0.248221 0.182239 0.135132 0.10208 
-0.8 0.900512 0.867893 0.821106 0.755072 0.666477 0.558175 0.441825 0.333523 0.244928 0.178894 0.132107 0.0994883 
-0.79 0.90311 0.870943 0.824503 0.758443 0.669096 0.559183 0.440817 0.330904 0.241557 0.175497 0.129057 0.09689 
-0.78 0.905714 0.874018 0.827952 0.761894 0.671797 0.560227 0.439773 0.328203 0.238106 0.172048 0.125982 0.0942859 
-0.77 0.908323 0.877115 0.831452 0.765427 0.674584 0.56131 0.43869 0.325416 0.234573 0.168548 0.122885 0.0916773 
-0.76 0.910935 0.880235 0.835004 0.769044 0.677463 0.562435 0.437566 0.322538 0.230956 0.164996 0.119765 0.0890655 
-0.75 0.913548 0.883375 0.838607 0.772746 0.680435 0.563602 0.436398 0.319565 0.227254 0.161393 0.116625 0.0864519 
-0.74 0.916162 0.886534 0.84226 0.776537 0.683506 0.564816 0.435184 0.316494 0.223463 0.157739 0.113466 0.083838 
-0.73 0.918774 0.889711 0.845964 0.780417 0.686681 0.566078 0.433922 0.313319 0.219583 0.154036 0.110289 0.0812255 
-0.72 0.921384 0.892904 0.849718 0.784389 0.689964 0.567392 0.432608 0.310036 0.215611 0.150282 0.107096 0.0786159 
-0.71 0.923989 0.896111 0.853519 0.788454 0.693359 0.568761 0.431239 0.306641 0.211546 0.146481 0.103889 0.076011 
-0.7 0.926587 0.89933 0.857368 0.792614 0.696873 0.570187 0.429813 0.303127 0.207386 0.142632 0.10067 0.0734126 
-0.69 0.929177 0.902558 0.861262 0.796871 0.700511 0.571676 0.428324 0.299489 0.203129 0.138738 0.0974421 0.0708227 
-0.68 0.931757 0.905794 0.865199 0.801226 0.704278 0.57323 0.42677 0.295722 0.198774 0.134801 0.0942065 0.0682433 
-0.67 0.934324 0.909034 0.869179 0.805679 0.70818 0.574854 0.425145 0.29182 0.194321 0.130821 0.0909661 0.0656764 
-0.66 0.936876 0.912276 0.873197 0.810232 0.712224 0.576554 0.423446 0.287776 0.189768 0.126803 0.0877238 0.0631244 
-0.65 0.939411 0.915518 0.877253 0.814886 0.716416 0.578333 0.421667 0.283584 0.185114 0.122747 0.0844824 0.0605894 
-0.64 0.941926 0.918755 0.881342 0.81964 0.720763 0.580197 0.419803 0.279237 0.18036 0.118658 0.0812451 0.0580739 
-0.63 0.94442 0.921985 0.885461 0.824495 0.725271 0.582153 0.417848 0.274729 0.175505 0.114539 0.0780153 0.0555802 
-0.62 0.946889 0.925204 0.889606 0.829449 0.729949 0.584206 0.415794 0.270051 0.170551 0.110394 0.0747964 0.053111 
-0.61 0.949331 0.928408 0.893773 0.834502 0.734802 0.586364 0.413636 0.265198 0.165498 0.106227 0.0715923 0.0506689 
-0.6 0.951743 0.931593 0.897958 0.839651 0.739839 0.588635 0.411364 0.260161 0.160349 0.102042 0.0684068 0.0482565 
-0.59 0.954123 0.934756 0.902155 0.844894 0.745067 0.591028 0.408972 0.254933 0.155106 0.0978451 0.065244 0.0458767 
-0.58 0.956468 0.937892 0.906358 0.850229 0.750493 0.593551 0.406449 0.249507 0.149772 0.0936417 0.0621084 0.0435321 
-0.57 0.958774 0.940996 0.910562 0.855649 0.756125 0.596215 0.403785 0.243875 0.144351 0.0894378 0.0590041 0.0412257 
-0.56 0.96104 0.944064 0.91476 0.861151 0.76197 0.599031 0.40097 0.23803 0.138849 0.0852401 0.0559361 0.0389603 
-0.55 0.963261 0.947091 0.918944 0.866728 0.768036 0.602011 0.397989 0.231964 0.133271 0.0810557 0.0529089 0.0367389 
-0.54 0.965436 0.950072 0.923108 0.872374 0.774327 0.605169 0.394831 0.225673 0.127626 0.0768922 0.0499276 0.0345645 
-0.53 0.96756 0.953003 0.927242 0.878078 0.780851 0.60852 0.39148 0.219149 0.121922 0.0727576 0.0469971 0.0324399 
-0.52 0.969632 0.955877 0.93134 0.883832 0.787611 0.61208 0.38792 0.212389 0.116168 0.0686605 0.0441225 0.0303681 
-0.51 0.971648 0.958691 0.93539 0.889623 0.794611 0.615868 0.384132 0.205389 0.110377 0.0646097 0.041309 0.0283519 
-0.5 0.973606 0.961438 0.939385 0.89544 0.801854 0.619903 0.380097 0.198146 0.10456 0.0606146 0.0385616 0.0263943 
-0.49 0.975502 0.964114 0.943315 0.901267 0.809338 0.624208 0.375792 0.190662 0.0987332 0.0566848 0.0358857 0.024498 
-0.48 0.977334 0.966714 0.94717 0.907089 0.817062 0.628807 0.371193 0.182938 0.0929111 0.05283 0.033286 0.0226655 
-0.47 0.9791 0.969232 0.95094 0.912888 0.825019 0.633727 0.366273 0.174981 0.0871118 0.0490604 0.0307678 0.0208995 
-0.46 0.980798 0.971664 0.954614 0.918646 0.833202 0.638998 0.361002 0.166798 0.0813538 0.0453859 0.0283356 0.0192024 
-0.45 0.982424 0.974006 0.958183 0.924342 0.841596 0.644653 0.355347 0.158404 0.0756576 0.0418166 0.0259943 0.0175764 
-0.44 0.983977 0.976252 0.961638 0.929956 0.850184 0.650727 0.349272 0.149816 0.0700441 0.0383622 0.0237479 0.0160234 
-0.43 0.985455 0.978399 0.964968 0.935464 0.858942 0.657262 0.342738 0.141058 0.0645359 0.0350323 0.0216005 0.0145454 
-0.42 0.986856 0.980444 0.968164 0.940844 0.867841 0.664299 0.3357 0.132158 0.0591555 0.031836 0.0195557 0.0131437 
-0.41 0.98818 0.982383 0.971218 0.946074 0.876847 0.671888 0.328111 0.123153 0.0539261 0.0287816 0.0176166 0.0118196 
-0.4 0.989426 0.984214 0.974123 0.95113 0.885915 0.680081 0.31992 0.114085 0.0488704 0.0258768 0.0157857 0.0105739 
-0.39 0.990593 0.985935 0.976872 0.95599 0.894999 0.688932 0.311068 0.105001 0.0440104 0.0231281 0.014065 0.0094072 
-0.38 0.99168 0.987544 0.979459 0.960633 0.904042 0.698504 0.301497 0.0959585 0.0393669 0.0205411 0.0124558 0.00831951 
-0.37 0.99269 0.989041 0.98188 0.965041 0.912984 0.70886 0.291139 0.0870161 0.0349586 0.0181199 0.0109587 0.00731043 
-0.36 0.993621 0.990427 0.984133 0.969198 0.921762 0.720072 0.279928 0.0782385 0.0308017 0.0158671 0.00957321 0.00637911 
-0.35 0.994476 0.991702 0.986216 0.973091 0.930308 0.732211 0.267789 0.0696914 0.0269092 0.0137837 0.00829832 0.00552414 
-0.34 0.995256 0.992868 0.988131 0.976709 0.93856 0.745356 0.254644 0.0614404 0.0232907 0.0118691 0.00713192 0.00474359 
-0.33 0.995965 0.993929 0.989879 0.980049 0.946453 0.759589 0.240412 0.0535473 0.0199514 0.0101206 0.00607104 0.00403498 
-0.32 0.996605 0.994888 0.991466 0.983108 0.953933 0.774995 0.225005 0.0460674 0.0168924 0.00853391 0.00511181 0.00339532 
-0.31 0.997179 0.99575 0.992897 0.985889 0.960952 0.791667 0.208333 0.0390476 0.0141108 0.00710321 0.00424955 0.00282114 
-0.3 0.997691 0.996521 0.994179 0.988401 0.967477 0.809705 0.190295 0.0325232 0.0115994 0.005821 0.00347887 0.00230855 
-0.29 0.998147 0.997206 0.995321 0.990653 0.973483 0.829217 0.170784 0.0265175 0.00934743 0.00467866 0.00279381 0.00185336 
-0.28 0.998549 0.997812 0.996333 0.992659 0.978959 0.850322 0.149677 0.0210407 0.0073413 0.00366656 0.002188 0.00145115 
-0.27 0.998903 0.998345 0.997225 0.994435 0.983909 0.87316 0.126841 0.0160913 0.00556511 0.00277457 0.00165488 0.0010974 
-0.26 0.999212 0.998812 0.998008 0.995999 0.988343 0.897885 0.102115 0.0116566 0.00400143 0.00199221 0.00118784 0.000787629 
-0.25 0.999483 0.99922 0.998691 0.997368 0.992285 0.924682 0.0753175 0.00771524 0.00263214 0.00130911 0.000780376 0.000517445 
-0.24 0.999717 0.999574 0.999285 0.998561 0.995761 0.953768 0.0462311 0.00423903 0.00143899 0.000715165 0.000426277 0.000282665 
-0.23 0.999921 0.99988 0.999799 0.999596 0.998804 0.9854 0.0146009 0.00119552 0.000404251 0.000200815 0.000119698 7.93797e-05 
-0.22 1 1 1 1 1 0.999998 2.46266e-06 1.83175e-07 6.13965e-08 3.04035e-08 1.80932e-08 1.19871e-08 
-0.21 1 1 1 0.999999 0.999998 0.999979 2.19161e-05 1.72942e-06 5.85194e-07 2.90914e-07 1.73489e-07 1.15092e-07 
-0.2 1 1 1 1 1 0.999999 3.74139e-07 4.1571e-08 1.49656e-08 7.6355e-09 4.61901e-09 3.09206e-09 
-0.19 1 1 1 1 1 0.999999 2.01763e-07 2.24182e-08 8.07054e-09 4.11762e-09 2.49091e-09 1.66747e-09 
-0.18 1 1 1 1 1 1 1.574e-07 1.74889e-08 6.296e-09 3.21225e-09 1.94321e-09 1.30083e-09 
-0.17 1 1 1 1 1 1 1.65757e-07 1.84175e-08 6.63028e-09 3.3828e-09 2.04638e-09 1.36989e-09 
-0.16 1 1 1 1 1 1 1.12891e-07 1.25434e-08 4.51563e-09 2.30389e-09 1.39371e-09 9.32982e-10 
-0.15 1 1 1 1 1 1 6.00644e-08 6.67383e-09 2.40258e-09 1.2258e-09 7.41536e-10 4.964e-10 
-0.14 1 1 1 1 1 1 1.35056e-07 1.50062e-08 5.40225e-09 2.75625e-09 1.66736e-09 1.11617e-09 
-0.13 1 1 1 1 1 1 5.78661e-08 6.42957e-09 2.31465e-09 1.18094e-09 7.14397e-10 4.78233e-10 
-0.12 1 1 1 1 1 1 1.18911e-07 1.32123e-08 4.75644e-09 2.42675e-09 1.46804e-09 9.82735e-10 
-0.11 1 1 1 1 1 1 8.73437e-08 9.70485e-09 3.49375e-09 1.78252e-09 1.07832e-09 7.21849e-10 
-0.1 1 1 1 1 1 1 7.98199e-08 8.86888e-09 3.1928e-09 1.62898e-09 9.85431e-10 6.59669e-10 
-0.09 1 1 1 1 1 1 9.28526e-08 1.0317e-08 3.7141e-09 1.89495e-09 1.14633e-09 7.67377e-10 
-0.08 1 1 1 1 1 1 1.41201e-07 1.5689e-08 5.64804e-09 2.88165e-09 1.74322e-09 1.16695e-09 
-0.07 1 1 1 1 1 1 2.20936e-08 2.45484e-09 8.83744e-10 4.5089e-10 2.7276e-10 1.82592e-10 
-0.06 1 1 1 1 1 1 2.58589e-09 2.8732e-10 1.03435e-10 5.27732e-11 3.19245e-11 2.13709e-11 
-0.05 1 1 1 1 1 1 5.34884e-09 5.94315e-10 2.13953e-10 1.0916e-10 6.60351e-11 4.42053e-11 
-0.04 1 1 1 1 1 1 3.69785e-10 4.10871e-11 1.47914e-11 7.5466e-12 4.56524e-12 3.05606e-12 
-0.03 1 1 1 1 1 1 8.84151e-10 9.8239e-11 3.5366e-11 1.8044e-11 1.09154e-11 7.30704e-12 
-0.02 1 1 1 1 1 1 1.53033e-11 1.70027e-12 6.12133e-13 3.12385e-13 1.88886e-13 1.26444e-13 
-0.01 1 1 1 1 1 1 1.02949e-11 1.14397e-12 4.1176e-13 2.10118e-13 1.27108e-13 8.51036e-14 
0.01 1 1 1 1 1 1 2.44649e-12 6.11733e-13 2.71783e-13 1.52878e-13 9.78773e-14 6.79456e-14 
0.02 1 1 1 1 1 1 3.28892e-12 8.22231e-13 3.65337e-13 2.05502e-13 1.31539e-13 9.13343e-14 
0.03 1 1 1 1 1 1 1.86811e-11 4.67026e-12 2.07567e-12 1.16751e-12 7.47225e-13 5.18918e-13 
0.04 1 1 1 1 1 1 6.2097e-11 1.5524e-11 6.89967e-12 3.88101e-12 2.48388e-12 1.72492e-12 
0.05 1 1 1 1 1 1 1.18129e-10 2.95322e-11 1.31255e-11 7.38298e-12 4.72511e-12 3.28138e-12 
0.06 1 1 1 1 1 1 3.09626e-10 7.74065e-11 3.44029e-11 1.93515e-11 1.2385e-11 8.60075e-12 
0.07 1 1 1 1 1 1 2.00547e-10 5.01368e-11 2.22829e-11 1.25342e-11 8.02185e-12 5.57073e-12 
0.08 1 1 1 1 1 1 5.24526e-10 1.31132e-10 5.82806e-11 3.27829e-11 2.09811e-11 1.45702e-11 
0.09 1 1 1 1 1 1 8.0595e-10 2.01487e-10 8.955e-11 5.03718e-11 3.2238e-11 2.23875e-11 
0.1 1 1 1 1 1 1 1.07507e-09 2.68767e-10 1.19452e-10 6.71918e-11 4.30028e-11 2.9863e-11 
0.11 1 1 1 1 1 1 1.53581e-09 3.83953e-10 1.70646e-10 9.59882e-11 6.14325e-11 4.26615e-11 
0.12 1 1 1 1 1 1 1.70012e-09 4.25031e-10 1.88903e-10 1.06258e-10 6.8005e-11 4.72257e-11 
0.13 1 1 1 1 1 1 2.88612e-09 7.21529e-10 3.2068e-10 1.80382e-10 1.15445e-10 8.01699e-11 
0.14 1 1 1 1 1 1 3.40765e-09 8.51912e-10 3.78627e-10 2.12978e-10 1.36306e-10 9.46569e-11 
0.15 1 1 1 1 1 1 4.63648e-09 1.15912e-09 5.15165e-10 2.8978e-10 1.85459e-10 1.28791e-10 
0.16 1 1 1 1 1 1 7.05643e-09 1.76411e-09 7.84048e-10 4.41027e-10 2.82257e-10 1.96012e-10 
0.17 1 1 1 1 1 1 9.377e-09 2.34425e-09 1.04189e-09 5.86063e-10 3.7508e-10 2.60472e-10 
0.18 1 1 1 1 1 1 1.27993e-08 3.19983e-09 1.42215e-09 7.99957e-10 5.11972e-10 3.55536e-10 
0.19 1 1 1 1 1 0.999999 1.96406e-08 4.91015e-09 2.18229e-09 1.22754e-09 7.85624e-10 5.45572e-10 
0.2 1 1 1 1 1 0.999998 1.73153e-06 2.56145e-07 9.81598e-08 5.14726e-08 3.16205e-08 2.1377e-08 
0.21 1 1 1 1 1 0.999996 3.08664e-06 4.56605e-07 1.7498e-07 9.17554e-08 5.63669e-08 3.81068e-08 
0.22 1 1 1 1 1 0.999996 3.18434e-06 4.71058e-07 1.80519e-07 9.46597e-08 5.81511e-08 3.9313e-08 
0.23 1 1 1 1 1 0.999997 2.39086e-06 3.53679e-07 1.35537e-07 7.10722e-08 4.36609e-08 2.95169e-08 
0.24 1 1 1 1 1 0.999998 1.60255e-06 2.37064e-07 9.08478e-08 4.76384e-08 2.92651e-08 1.97846e-08 
0.25 1 1 1 1 1 0.999998 1.73414e-06 2.56531e-07 9.83078e-08 5.15502e-08 3.16682e-08 2.14093e-08 
0.26 1 1 1 1 1 0.999998 2.08523e-06 3.08466e-07 1.18211e-07 6.19867e-08 3.80795e-08 2.57436e-08 
0.27 1 1 1 1 1 0.999998 1.89951e-06 2.80994e-07 1.07683e-07 5.64661e-08 3.46881e-08 2.34509e-08 
0.28 1 1 1 1 1 0.999998 2.70335e-06 3.99905e-07 1.53252e-07 8.03615e-08 4.93674e-08 3.33748e-08 
0.29 1 1 1 0.999999 0.999998 0.99999 9.62563e-06 1.5112e-06 5.8754e-07 3.10101e-07 1.91207e-07 1.29574e-07 
0.3 1 0.999999 0.999999 0.999998 0.999996 0.999971 2.91892e-05 4.51682e-06 1.74985e-06 9.22079e-07 5.68026e-07 3.84703e-07 
0.31 0.999995 0.999992 0.999987 0.999975 0.999937 0.999596 0.000403744 6.33133e-05 2.4607e-05 1.29853e-05 8.00582e-06 5.42491e-06 
0.32 0.99978 0.999675 0.999473 0.999004 0.997453 0.984298 0.0157021 0.00254745 0.000996013 0.000526762 0.000325123 0.000220452 
0.33 0.999312 0.998987 0.998361 0.996912 0.992184 0.954658 0.0453416 0.00781602 0.00308775 0.00163901 0.0010134 0.000687828 
0.34 0.998796 0.998229 0.99714 0.994633 0.986562 0.926663 0.0733381 0.0134379 0.00536665 0.00285975 0.00177147 0.00120363 
0.35 0.998238 0.99741 0.995827 0.992201 0.980689 0.900771 0.0992289 0.019311 0.00779913 0.0041728 0.00258989 0.00176166 
0.36 0.997635 0.996527 0.994416 0.989608 0.974564 0.876825 0.123175 0.0254358 0.0103923 0.00558377 0.00347271 0.00236491 
0.37 0.996985 0.995577 0.992904 0.986851 0.968199 0.854704 0.145296 0.031801 0.0131486 0.00709596 0.00442264 0.00301548 
0.39 0.99554 0.993475 0.989579 0.98087 0.954863 0.815602 0.184398 0.0451373 0.01913 0.0104208 0.00652458 0.0044602 
0.4 0.994739 0.992315 0.987756 0.977634 0.947899 0.798277 0.201722 0.0521006 0.0223661 0.012244 0.00768474 0.00526058 
0.41 0.993884 0.991078 0.985821 0.974232 0.940756 0.782261 0.21774 0.0592439 0.0257683 0.0141789 0.00892175 0.00611624 
0.42 0.992972 0.989763 0.983774 0.970667 0.933456 0.767452 0.232549 0.0665437 0.029333 0.0162262 0.0102369 0.00702848 
0.43 0.992002 0.988369 0.981614 0.966944 0.926024 0.753754 0.246246 0.0739758 0.0330558 0.018386 0.0116314 0.00799848 
0.45 0.989893 0.985352 0.976978 0.95908 0.910925 0.729435 0.270565 0.0890754 0.0409204 0.0230218 0.0146484 0.0101068 
0.46 0.988755 0.983731 0.974508 0.954956 0.903312 0.718642 0.281359 0.0966884 0.0450442 0.0254922 0.0162694 0.0112449 
0.47 0.987552 0.982022 0.971919 0.950683 0.895628 0.708566 0.291434 0.104372 0.0493169 0.0280806 0.0179776 0.0124482 
0.48 0.986299 0.98025 0.969249 0.946326 0.887999 0.699286 0.300715 0.112001 0.0536745 0.0307511 0.0197504 0.0137014 
0.5 0.983615 0.976474 0.963614 0.937291 0.872798 0.682593 0.317407 0.127202 0.0627091 0.0363862 0.023526 0.0163848 
0.52 0.980723 0.972436 0.957663 0.927977 0.857931 0.668187 0.331813 0.142069 0.0720235 0.0423372 0.0275644 0.0192766 
0.53 0.97919 0.970307 0.954557 0.923203 0.850601 0.661659 0.338341 0.149399 0.0767975 0.0454434 0.0296928 0.0208096 
0.54 0.977618 0.968132 0.951405 0.918418 0.843442 0.65561 0.34439 0.156558 0.081582 0.0485954 0.0318675 0.0223822 
0.55 0.975997 0.965901 0.948191 0.913601 0.836413 0.649951 0.350049 0.163587 0.0863992 0.0518085 0.0340994 0.0240029 
0.56 0.97433 0.963615 0.944923 0.908762 0.829525 0.644651 0.355348 0.170475 0.0912383 0.0550767 0.0363853 0.0256698 
0.57 0.972609 0.961264 0.941585 0.903879 0.82274 0.639647 0.360353 0.17726 0.0961206 0.0584148 0.0387363 0.0273913 
0.58 0.970857 0.958881 0.938227 0.899029 0.816161 0.634987 0.365012 0.183838 0.100971 0.0617732 0.0411185 0.0291434 
0.59 0.969064 0.956455 0.93483 0.894184 0.809741 0.630607 0.369393 0.190259 0.105816 0.0651697 0.0435448 0.0309357 
0.6 0.967234 0.953988 0.931401 0.889353 0.803482 0.626484 0.373516 0.196518 0.110647 0.0685987 0.0460119 0.0327662 
0.61 0.965367 0.951484 0.927945 0.884542 0.797387 0.622598 0.377402 0.202613 0.115458 0.072055 0.0485164 0.0346328 
0.62 0.963454 0.948928 0.924444 0.879727 0.791414 0.618905 0.381096 0.208586 0.120273 0.0755565 0.0510718 0.0365457 
0.63 0.961523 0.94636 0.92095 0.874982 0.785652 0.615446 0.384554 0.214348 0.125018 0.0790502 0.0536402 0.0384774 
0.64 0.959561 0.943763 0.917443 0.870275 0.780053 0.612174 0.387826 0.219947 0.129725 0.0825571 0.0562369 0.0404392 
0.65 0.957571 0.941141 0.913927 0.865612 0.774614 0.609076 0.390924 0.225386 0.134388 0.0860727 0.0588588 0.0424293 
0.66 0.955554 0.938497 0.910407 0.860997 0.769334 0.60614 0.39386 0.230666 0.139003 0.0895932 0.0615033 0.0444457 
0.67 0.953513 0.935833 0.906886 0.856434 0.764209 0.603353 0.396647 0.235791 0.143566 0.0931145 0.0641674 0.0464866 
0.68 0.95145 0.933152 0.903367 0.851925 0.759236 0.600705 0.399294 0.240764 0.148075 0.0966331 0.0668485 0.04855 
0.7 0.947251 0.927733 0.89633 0.843059 0.749704 0.595775 0.404224 0.250296 0.156941 0.103669 0.0722671 0.0527494 
0.71 0.945131 0.925017 0.892841 0.838734 0.74517 0.593494 0.406506 0.25483 0.161266 0.107159 0.0749829 0.054869 
0.72 0.942996 0.922294 0.889366 0.834473 0.740773 0.591318 0.408681 0.259227 0.165527 0.110634 0.0777062 0.0570044 
0.73 0.940846 0.919565 0.885909 0.830278 0.736508 0.589241 0.410759 0.263492 0.169722 0.114091 0.0804351 0.0591541 
0.74 0.938684 0.916833 0.88247 0.826148 0.732373 0.587256 0.412744 0.267628 0.173852 0.11753 0.0831674 0.0613165 
0.75 0.93651 0.914099 0.879053 0.822085 0.728361 0.585358 0.414642 0.271639 0.177915 0.120947 0.0859011 0.06349 
0.76 0.934327 0.911365 0.875659 0.81809 0.72447 0.58354 0.416459 0.27553 0.18191 0.124341 0.0886346 0.0656734 
0.77 0.93212 0.908615 0.872266 0.814134 0.720666 0.581785 0.418215 0.279334 0.185866 0.127734 0.091385 0.0678802 
0.78 0.929922 0.905889 0.868926 0.810277 0.717007 0.580118 0.419882 0.282993 0.189723 0.131074 0.0941114 0.070078 
0.79 0.927718 0.903167 0.865613 0.806488 0.713456 0.578518 0.421482 0.286544 0.193512 0.134387 0.0968328 0.0722818 
0.8 0.92551 0.900452 0.86233 0.802766 0.710009 0.576982 0.423018 0.289991 0.197234 0.13767 0.0995479 0.0744904 
0.82 0.921083 0.895047 0.855853 0.795522 0.703415 0.574086 0.425914 0.296585 0.204478 0.144147 0.104953 0.0789173 
0.83 0.918866 0.892358 0.852663 0.792 0.70026 0.572719 0.427281 0.29974 0.208 0.147337 0.107642 0.0811335 
0.84 0.91665 0.889681 0.849505 0.788542 0.697195 0.571404 0.428596 0.302805 0.211458 0.150495 0.110319 0.0833502 
0.85 0.914434 0.887017 0.84638 0.785149 0.694217 0.570136 0.429864 0.305783 0.214851 0.15362 0.112983 0.0855664 
0.86 0.912219 0.884365 0.84329 0.781819 0.691323 0.568913 0.431087 0.308677 0.218181 0.15671 0.115635 0.0877812 
0.87 0.910006 0.881728 0.840233 0.778552 0.68851 0.567734 0.432266 0.31149 0.221448 0.159767 0.118273 0.0899938 
0.88 0.907797 0.879105 0.837212 0.775347 0.685775 0.566595 0.433405 0.314225 0.224653 0.162788 0.120895 0.0922033 
0.89 0.905576 0.876479 0.834203 0.772179 0.683094 0.565486 0.434514 0.316906 0.227822 0.165797 0.123521 0.0944242 
0.9 0.903376 0.87389 0.831253 0.769096 0.680508 0.564424 0.435575 0.319492 0.230904 0.168747 0.12611 0.0966242 
0.91 0.901181 0.871317 0.828339 0.766071 0.677992 0.563397 0.436603 0.322008 0.233929 0.171661 0.128683 0.0988191 
0.92 0.898992 0.868761 0.82546 0.763104 0.675543 0.562404 0.437596 0.324457 0.236896 0.17454 0.131239 0.101008 
0.93 0.896809 0.866224 0.822616 0.760194 0.673158 0.561442 0.438558 0.326842 0.239806 0.177384 0.133776 0.103191 
0.94 0.894634 0.863704 0.819807 0.757338 0.670836 0.56051 0.43949 0.329164 0.242662 0.180193 0.136296 0.105366 
0.95 0.892466 0.861204 0.817034 0.754537 0.668574 0.559607 0.440392 0.331426 0.245463 0.182966 0.138796 0.107534 
0.96 0.890306 0.858722 0.814296 0.751789 0.66637 0.558732 0.441268 0.33363 0.248212 0.185704 0.141278 0.109694 
0.97 0.888155 0.85626 0.811593 0.749092 0.664222 0.557883 0.442117 0.335778 0.250908 0.188407 0.14374 0.111845 
0.98 0.886012 0.853818 0.808925 0.746447 0.662128 0.55706 0.44294 0.337872 0.253553 0.191075 0.146182 0.113988 
0.99 0.88388 0.851396 0.806292 0.743851 0.660087 0.55626 0.44374 0.339913 0.256149 0.193708 0.148604 0.11612 
1 0.881757 0.848994 0.803693 0.741304 0.658095 0.555483 0.444517 0.341905 0.258696 0.196307 0.151006 0.118243 
1.01 0.879644 0.846612 0.801128 0.738804 0.656152 0.554728 0.445271 0.343847 0.261195 0.198872 0.153388 0.120356 
1.02 0.877542 0.844251 0.798597 0.736352 0.654257 0.553995 0.446005 0.345743 0.263648 0.201403 0.155749 0.122458 
1.03 0.875451 0.841911 0.7961 0.733945 0.652406 0.553282 0.446718 0.347594 0.266056 0.2039 0.158089 0.124549 
1.04 0.873371 0.839592 0.793636 0.731582 0.650599 0.552588 0.447412 0.3494 0.268418 0.206364 0.160408 0.126629 
1.05 0.871303 0.837294 0.791205 0.729263 0.648835 0.551913 0.448087 0.351165 0.270738 0.208795 0.162706 0.128697 
1.06 0.869231 0.834999 0.788787 0.726966 0.647096 0.551249 0.448751 0.352904 0.273034 0.211213 0.165001 0.130769 
1.07 0.867187 0.832743 0.786422 0.724732 0.645414 0.55061 0.44939 0.354586 0.275268 0.213578 0.167257 0.132813 
1.08 0.865155 0.830509 0.784089 0.722539 0.643769 0.549986 0.450014 0.35623 0.277461 0.215911 0.169491 0.134845 
1.09 0.863136 0.828296 0.781787 0.720385 0.642162 0.549379 0.450621 0.357838 0.279615 0.218213 0.171704 0.136864 
1.1 0.861129 0.826104 0.779516 0.71827 0.640591 0.548787 0.451213 0.359409 0.28173 0.220484 0.173896 0.138871 
1.11 0.859135 0.823933 0.777276 0.716193 0.639054 0.548209 0.45179 0.360946 0.283807 0.222724 0.176067 0.140865 
1.14 0.85323 0.817544 0.770735 0.710179 0.63464 0.54656 0.45344 0.36536 0.289821 0.229265 0.182456 0.14677 
1.15 0.851288 0.815456 0.768613 0.708244 0.633232 0.546036 0.453964 0.366768 0.291756 0.231387 0.184543 0.148712 
1.16 0.849359 0.813389 0.76652 0.706343 0.631852 0.545525 0.454475 0.368148 0.293657 0.23348 0.186611 0.150641 
1.17 0.847444 0.811343 0.764455 0.704474 0.630502 0.545025 0.454975 0.369498 0.295526 0.235545 0.188657 0.152556 
1.18 0.845542 0.809316 0.762417 0.702638 0.629179 0.544536 0.455464 0.370821 0.297362 0.237583 0.190684 0.154458 
1.19 0.843653 0.80731 0.760407 0.700833 0.627884 0.544059 0.455941 0.372116 0.299167 0.239593 0.19269 0.156347 
1.21 0.839917 0.803359 0.756468 0.697314 0.62537 0.543135 0.456865 0.37463 0.302686 0.243533 0.196641 0.160083 
1.22 0.838069 0.801413 0.754537 0.695599 0.624151 0.542689 0.457311 0.375849 0.304401 0.245463 0.198587 0.161931 
1.23 0.836235 0.799487 0.752632 0.693912 0.622955 0.542252 0.457749 0.377045 0.306088 0.247368 0.200513 0.163765 
1.24 0.834414 0.79758 0.750753 0.692254 0.621783 0.541824 0.458176 0.378217 0.307747 0.249248 0.20242 0.165586 
1.25 0.832607 0.795693 0.748898 0.690622 0.620634 0.541405 0.458595 0.379366 0.309378 0.251102 0.204307 0.167393 
1.26 0.830814 0.793825 0.747068 0.689017 0.619506 0.540995 0.459005 0.380494 0.310983 0.252932 0.206175 0.169186 
1.27 0.829035 0.791977 0.745262 0.687438 0.6184 0.540593 0.459407 0.3816 0.312562 0.254738 0.208023 0.170965 
1.28 0.827269 0.790147 0.743479 0.685885 0.617315 0.5402 0.4598 0.382685 0.314115 0.256521 0.209853 0.172731 
1.29 0.825516 0.788336 0.74172 0.684357 0.616249 0.539814 0.460186 0.383751 0.315643 0.25828 0.211664 0.174484 
1.31 0.822052 0.784769 0.738271 0.681373 0.614177 0.539066 0.460934 0.385823 0.318628 0.261729 0.215231 0.177948 
1.32 0.82034 0.783013 0.73658 0.679916 0.613169 0.538703 0.461297 0.386831 0.320084 0.26342 0.216987 0.17966 
1.33 0.818642 0.781275 0.73491 0.678481 0.612179 0.538346 0.461653 0.387821 0.321519 0.26509 0.218725 0.181358 
1.34 0.816957 0.779555 0.733262 0.677069 0.611207 0.537997 0.462003 0.388793 0.322931 0.266738 0.220445 0.183043 
1.35 0.815285 0.777853 0.731636 0.675679 0.610252 0.537654 0.462346 0.389748 0.324321 0.268364 0.222147 0.184715 
1.36 0.813613 0.776154 0.730015 0.674297 0.609304 0.537315 0.462685 0.390696 0.325703 0.269985 0.223846 0.186387 
1.37 0.811969 0.774487 0.728431 0.67295 0.608382 0.536985 0.463015 0.391618 0.32705 0.271569 0.225513 0.188031 
1.38 0.810337 0.772837 0.726866 0.671623 0.607476 0.536661 0.463339 0.392524 0.328377 0.273134 0.227163 0.189663 
1.39 0.808719 0.771204 0.725321 0.670316 0.606586 0.536343 0.463657 0.393414 0.329684 0.274679 0.228796 0.191281 
1.4 0.807113 0.769588 0.723795 0.669028 0.60571 0.536031 0.463969 0.39429 0.330972 0.276204 0.230412 0.192886 
1.41 0.805521 0.767988 0.722289 0.667759 0.604849 0.535724 0.464276 0.395151 0.332241 0.277711 0.232012 0.194479 
1.42 0.803941 0.766404 0.720802 0.66651 0.604003 0.535423 0.464577 0.395997 0.333491 0.279198 0.233596 0.196059 
1.43 0.802374 0.764837 0.719333 0.665278 0.60317 0.535127 0.464873 0.39683 0.334722 0.280667 0.235163 0.197626 
1.44 0.80082 0.763285 0.717882 0.664064 0.602351 0.534836 0.465164 0.397649 0.335936 0.282118 0.236715 0.19918 
1.45 0.799279 0.76175 0.716449 0.662868 0.601545 0.53455 0.46545 0.398455 0.337132 0.283551 0.23825 0.200721 
1.46 0.79775 0.760229 0.715033 0.661689 0.600753 0.534269 0.465731 0.399248 0.338311 0.284967 0.239771 0.20225 
1.47 0.796233 0.758725 0.713635 0.660527 0.599972 0.533993 0.466007 0.400028 0.339473 0.286365 0.241275 0.203767 
1.49 0.793237 0.755761 0.71089 0.658251 0.598449 0.533454 0.466546 0.401552 0.341749 0.28911 0.244239 0.206763 
1.5 0.791757 0.754301 0.709542 0.657138 0.597704 0.533191 0.466809 0.402296 0.342862 0.290458 0.245699 0.208243 
1.51 0.790289 0.752856 0.70821 0.656039 0.596972 0.532933 0.467067 0.403028 0.343961 0.29179 0.247144 0.209711 
1.53 0.78739 0.75001 0.705595 0.653888 0.59554 0.532429 0.467571 0.40446 0.346112 0.294405 0.24999 0.21261 
1.54 0.785958 0.748608 0.70431 0.652834 0.59484 0.532182 0.467818 0.40516 0.347166 0.29569 0.251392 0.214042 
1.55 0.784537 0.74722 0.703041 0.651795 0.594151 0.53194 0.46806 0.405849 0.348205 0.296959 0.25278 0.215462 
1.56 0.783129 0.745846 0.701786 0.650769 0.593472 0.531702 0.468299 0.406529 0.349231 0.298214 0.254154 0.216871 
1.57 0.781732 0.744485 0.700547 0.649758 0.592802 0.531467 0.468533 0.407198 0.350242 0.299453 0.255515 0.218268 
1.58 0.780346 0.743138 0.699321 0.648759 0.592143 0.531235 0.468765 0.407857 0.351241 0.300679 0.256862 0.219654 
1.59 0.778972 0.741804 0.69811 0.647774 0.591493 0.531008 0.468992 0.408507 0.352226 0.30189 0.258196 0.221028 
1.6 0.777609 0.740484 0.696913 0.646802 0.590853 0.530783 0.469217 0.409147 0.353198 0.303087 0.259516 0.222391 
1.61 0.776257 0.739176 0.69573 0.645843 0.590222 0.530562 0.469438 0.409778 0.354157 0.30427 0.260824 0.223743 
1.62 0.774916 0.737881 0.69456 0.644896 0.5896 0.530345 0.469655 0.4104 0.355104 0.30544 0.262119 0.225084 
1.63 0.773586 0.736599 0.693404 0.643961 0.588986 0.53013 0.46987 0.411014 0.356039 0.306597 0.263401 0.226414 
1.64 0.772267 0.735329 0.69226 0.643038 0.588381 0.529919 0.470081 0.411619 0.356962 0.30774 0.264671 0.227733 
1.65 0.770958 0.734072 0.69113 0.642127 0.587785 0.529711 0.470289 0.412215 0.357873 0.30887 0.265928 0.229042 
1.67 0.768374 0.731594 0.688907 0.64034 0.586616 0.529303 0.470697 0.413384 0.35966 0.311093 0.268406 0.231626 
1.68 0.767097 0.730373 0.687814 0.639463 0.586044 0.529104 0.470896 0.413956 0.360537 0.312186 0.269627 0.232903 
1.69 0.765831 0.729163 0.686733 0.638597 0.585479 0.528907 0.471093 0.414521 0.361403 0.313267 0.270837 0.234169 
1.7 0.764575 0.727965 0.685665 0.637742 0.584922 0.528714 0.471287 0.415078 0.362259 0.314336 0.272035 0.235425 
1.71 0.763329 0.726779 0.684607 0.636897 0.584373 0.528522 0.471478 0.415627 0.363103 0.315393 0.273221 0.236671 
1.72 0.762093 0.725604 0.683562 0.636062 0.58383 0.528334 0.471666 0.41617 0.363938 0.316438 0.274396 0.237907 
1.73 0.760868 0.72444 0.682528 0.635238 0.583295 0.528148 0.471852 0.416705 0.364762 0.317472 0.27556 0.239132 
1.74 0.759652 0.723287 0.681505 0.634424 0.582767 0.527964 0.472036 0.417233 0.365577 0.318495 0.276713 0.240348 
1.75 0.758446 0.722145 0.680493 0.633619 0.582245 0.527783 0.472217 0.417755 0.366381 0.319507 0.277855 0.241554 
1.76 0.75725 0.721013 0.679492 0.632824 0.581731 0.527605 0.472395 0.418269 0.367176 0.320508 0.278986 0.24275 
1.77 0.756063 0.719893 0.678502 0.632038 0.581223 0.527429 0.472571 0.418778 0.367962 0.321498 0.280107 0.243937 
1.78 0.754886 0.718783 0.677522 0.631262 0.580721 0.527255 0.472745 0.419279 0.368738 0.322478 0.281217 0.245114 
1.79 0.753719 0.717683 0.676553 0.630495 0.580226 0.527083 0.472917 0.419774 0.369505 0.323447 0.282317 0.246281 
1.8 0.75256 0.716593 0.675594 0.629737 0.579736 0.526914 0.473086 0.420263 0.370263 0.324406 0.283407 0.24744 
1.81 0.751411 0.715514 0.674645 0.628987 0.579254 0.526747 0.473253 0.420747 0.371013 0.325355 0.284486 0.248589 
1.82 0.750271 0.714444 0.673706 0.628247 0.578776 0.526582 0.473418 0.421224 0.371753 0.326294 0.285556 0.249729 
1.83 0.749141 0.713384 0.672776 0.627514 0.578305 0.526419 0.473581 0.421695 0.372486 0.327224 0.286616 0.250859 
1.84 0.748019 0.712334 0.671857 0.626791 0.57784 0.526258 0.473742 0.42216 0.37321 0.328143 0.287666 0.251981 
1.85 0.746906 0.711294 0.670946 0.626075 0.57738 0.526099 0.473901 0.42262 0.373925 0.329054 0.288706 0.253094 
1.86 0.745802 0.710263 0.670046 0.625367 0.576926 0.525942 0.474058 0.423074 0.374633 0.329954 0.289737 0.254198 
1.87 0.744707 0.709241 0.669154 0.624668 0.576477 0.525787 0.474212 0.423523 0.375332 0.330846 0.290758 0.255293 
1.88 0.74362 0.708229 0.668271 0.623976 0.576034 0.525635 0.474366 0.423967 0.376024 0.331729 0.291771 0.25638 
1.89 0.742542 0.707226 0.667398 0.623292 0.575595 0.525483 0.474517 0.424405 0.376708 0.332602 0.292774 0.257458 
1.9 0.741473 0.706232 0.666533 0.622615 0.575162 0.525334 0.474666 0.424838 0.377385 0.333467 0.293768 0.258527 
1.91 0.740411 0.705247 0.665677 0.621946 0.574734 0.525187 0.474813 0.425266 0.378054 0.334323 0.294753 0.259589 
1.92 0.739359 0.70427 0.664829 0.621284 0.574311 0.525041 0.474959 0.425689 0.378716 0.335171 0.29573 0.260642 
1.93 0.738314 0.703303 0.66399 0.620629 0.573893 0.524897 0.475103 0.426107 0.379371 0.33601 0.296697 0.261686 
1.94 0.737277 0.702344 0.663159 0.619982 0.57348 0.524755 0.475245 0.42652 0.380018 0.336841 0.297656 0.262723 
1.95 0.736249 0.701393 0.662337 0.619341 0.573071 0.524614 0.475386 0.426929 0.380659 0.337663 0.298607 0.263751 
1.96 0.735229 0.700451 0.661522 0.618707 0.572667 0.524475 0.475525 0.427333 0.381293 0.338478 0.299549 0.264772 
1.97 0.734216 0.699517 0.660716 0.61808 0.572268 0.524338 0.475662 0.427732 0.38192 0.339284 0.300483 0.265784 
1.99 0.732214 0.697674 0.659126 0.616846 0.571483 0.524068 0.475932 0.428517 0.383154 0.340874 0.302326 0.267786 
2 0.731225 0.696764 0.658343 0.616239 0.571096 0.523935 0.476065 0.428904 0.383761 0.341657 0.303236 0.268775 
