g occupationNumbers
-2 0.980591 0.976424 0.970637 0.962032 0.947263 0.906267 0.0937331 0.052737 0.0379681 0.0293628 0.0235762 0.0194088 
-1.9 0.981751 0.977776 0.972226 0.963917 0.949529 0.909136 0.0908638 0.050471 0.0360832 0.0277741 0.0222244 0.0182485 
-1.8 0.98291 0.97913 0.973826 0.965828 0.951848 0.912128 0.087872 0.0481518 0.0341724 0.0261741 0.0208696 0.0170898 
-1.7 0.984066 0.980488 0.975437 0.967765 0.954223 0.915254 0.0847459 0.0457765 0.0322353 0.0245633 0.0195124 0.0159336 
-1.6 0.985219 0.981846 0.977058 0.969728 0.956657 0.918528 0.0814723 0.0433425 0.0302717 0.0229423 0.018154 0.014781 
-1.5 0.986367 0.983205 0.978688 0.971718 0.959153 0.921964 0.078036 0.0408469 0.0282816 0.0213121 0.0167954 0.0136331 
-1.4 0.987509 0.984562 0.980326 0.973735 0.961713 0.92558 0.0744196 0.0382866 0.0262653 0.019674 0.0154382 0.0124913 
-1.3 0.988642 0.985916 0.98197 0.975776 0.964341 0.929397 0.0706034 0.0356589 0.0242236 0.0180296 0.0140843 0.0113576 
-1.2 0.989766 0.987264 0.983619 0.977842 0.967039 0.933435 0.0665648 0.0329612 0.0221577 0.0163811 0.0127358 0.0102339 
-1.1 0.990877 0.988604 0.985269 0.979931 0.969809 0.937722 0.062278 0.0301913 0.0200694 0.0147312 0.0113956 0.00912281 
-1 0.991972 0.989933 0.986916 0.982038 0.972652 0.942286 0.0577141 0.0273478 0.0179619 0.0130838 0.0100672 0.00802754 
-0.9 0.993048 0.991245 0.988556 0.984161 0.975569 0.947159 0.0528408 0.0244305 0.0158394 0.0114437 0.00875517 0.006952 
-0.8 0.994099 0.992535 0.990183 0.986291 0.978558 0.952376 0.0476236 0.0214419 0.0137086 0.00981738 0.00746524 0.00590112 
-0.7 0.995119 0.993795 0.991786 0.988421 0.981612 0.957972 0.0420276 0.0183877 0.011579 0.00821383 0.00620496 0.00488125 
-0.6 0.996099 0.995016 0.993355 0.990535 0.984719 0.963977 0.0360232 0.0152806 0.00946486 0.00664521 0.00498439 0.00390065 
-0.5 0.99703 0.996183 0.994871 0.992612 0.987856 0.970402 0.0295982 0.0121441 0.00738775 0.00512883 0.00381729 0.00297038 
-0.4 0.997894 0.997277 0.99631 0.994619 0.990978 0.977216 0.0227843 0.00902159 0.00538107 0.00368988 0.00272306 0.00210576 
-0.3 0.998671 0.99827 0.997633 0.996501 0.994006 0.984284 0.0157156 0.00599395 0.00349891 0.00236683 0.00173035 0.0013289 
-0.2 0.999326 0.999116 0.998778 0.998166 0.996784 0.99124 0.00876015 0.00321567 0.0018336 0.00122185 0.000884008 0.000673725 
-0.1 0.999804 0.99974 0.999637 0.999445 0.999003 0.997182 0.0028184 0.000997227 0.000554556 0.000363496 0.00025996 0.000196429 
0 1 1 1 1 1 1 0 0 0 0 0 0 
0.1 0.999705 0.999601 0.999428 0.999096 0.998293 0.994947 0.00505271 0.00170702 0.000904019 0.000571958 0.000398553 0.000295263 
0.2 0.998449 0.997886 0.99693 0.995075 0.990561 0.972445 0.0275554 0.00943879 0.00492479 0.00307031 0.00211366 0.00155059 
0.3 0.995228 0.99345 0.990415 0.984533 0.970456 0.918862 0.0811381 0.0295443 0.0154665 0.00958471 0.00654996 0.00477189 
0.4 0.988411 0.984081 0.97675 0.962821 0.931122 0.831497 0.168503 0.0688782 0.0371786 0.0232502 0.0159195 0.0115893 
0.5 0.97671 0.96823 0.954196 0.928603 0.874965 0.736528 0.263472 0.125035 0.0713967 0.0458042 0.0317699 0.0232898 
0.6 0.960418 0.946714 0.924789 0.886972 0.815221 0.663566 0.336434 0.184779 0.113028 0.0752109 0.0532863 0.0395822 
0.7 0.940983 0.921876 0.892497 0.844823 0.762949 0.617265 0.382735 0.237051 0.155177 0.107503 0.0781235 0.059017 
0.8 0.919973 0.895982 0.860571 0.806435 0.721416 0.589232 0.410768 0.278584 0.193565 0.139429 0.104018 0.0800272 
0.9 0.898602 0.870591 0.830842 0.773292 0.68949 0.571695 0.428305 0.31051 0.226708 0.169158 0.129409 0.101398 
1 0.877676 0.846588 0.804048 0.74533 0.664956 0.560042 0.439958 0.335044 0.25467 0.195952 0.153412 0.122324 
1.1 0.857675 0.82438 0.780291 0.721886 0.645837 0.551816 0.448184 0.354163 0.278114 0.219709 0.17562 0.142325 
1.2 0.838844 0.804084 0.759373 0.702185 0.630652 0.545702 0.454298 0.369348 0.297815 0.240627 0.195916 0.161156 
1.3 0.821282 0.785652 0.740982 0.685518 0.618354 0.540968 0.459032 0.381646 0.314482 0.259018 0.214348 0.178718 
1.4 0.804997 0.76896 0.724785 0.6713 0.608213 0.537184 0.462816 0.391787 0.3287 0.275215 0.23104 0.195003 
1.5 0.789942 0.75385 0.710471 0.659064 0.599714 0.534082 0.465918 0.400286 0.340936 0.289529 0.24615 0.210058 
1.6 0.776046 0.740161 0.697769 0.64844 0.592489 0.531487 0.468513 0.407511 0.35156 0.302231 0.259839 0.223954 
1.7 0.763223 0.727735 0.686444 0.63914 0.586271 0.52928 0.47072 0.413729 0.36086 0.313556 0.272265 0.236777 
1.8 0.751386 0.71643 0.676298 0.630938 0.580861 0.527378 0.472622 0.419139 0.369062 0.323702 0.28357 0.248614 
1.9 0.740447 0.706118 0.667168 0.623651 0.576109 0.525719 0.474281 0.423891 0.376349 0.332832 0.293882 0.259553 
2 0.730326 0.696686 0.658914 0.617138 0.571902 0.524259 0.475741 0.428098 0.382862 0.341086 0.303314 0.269674 
